	t	x	y
	0	1e+06	50
	1	1.06114e+06	50.1129
	2	1.12557e+06	50.2331
	3	1.19342e+06	50.361
	4	1.26481e+06	50.497
	5	1.33983e+06	50.6416
	6	1.41862e+06	50.7953
	7	1.50125e+06	50.9585
	8	1.58783e+06	51.1319
	9	1.67844e+06	51.316
	10	1.77315e+06	51.5113
	11	1.87202e+06	51.7185
	12	1.9751e+06	51.9381
	13	2.08243e+06	52.1708
	14	2.19401e+06	52.4173
	15	2.30984e+06	52.6783
	16	2.4299e+06	52.9544
	17	2.55415e+06	53.2464
	18	2.68251e+06	53.555
	19	2.8149e+06	53.8809
	20	2.95119e+06	54.2251
	21	3.09126e+06	54.5881
	22	3.23494e+06	54.9709
	23	3.38204e+06	55.3742
	24	3.53234e+06	55.7989
	25	3.6856e+06	56.2458
	26	3.84158e+06	56.7157
	27	3.99997e+06	57.2095
	28	4.16049e+06	57.728
	29	4.3228e+06	58.272
	30	4.48659e+06	58.8425
	31	4.65149e+06	59.4402
	32	4.81716e+06	60.066
	33	4.98322e+06	60.7207
	34	5.14932e+06	61.4052
	35	5.31508e+06	62.1203
	36	5.48013e+06	62.8667
	37	5.64413e+06	63.6453
	38	5.80671e+06	64.4569
	39	5.96755e+06	65.3023
	40	6.12631e+06	66.1821
	41	6.2827e+06	67.0973
	42	6.43643e+06	68.0485
	43	6.58723e+06	69.0365
	44	6.73486e+06	70.062
	45	6.87911e+06	71.1258
	46	7.01978e+06	72.2284
	47	7.15669e+06	73.3708
	48	7.28972e+06	74.5534
	49	7.41873e+06	75.7772
	50	7.54363e+06	77.0426
	51	7.66436e+06	78.3505
	52	7.78085e+06	79.7015
	53	7.8931e+06	81.0964
	54	8.00108e+06	82.5357
	55	8.10481e+06	84.0203
	56	8.20431e+06	85.5507
	57	8.29964e+06	87.1278
	58	8.39085e+06	88.7523
	59	8.47801e+06	90.4249
	60	8.5612e+06	92.1463
	61	8.64052e+06	93.9173
	62	8.71606e+06	95.7387
	63	8.78793e+06	97.6113
	64	8.85624e+06	99.5359
	65	8.9211e+06	101.513
	66	8.98264e+06	103.544
	67	9.04098e+06	105.63
	68	9.09624e+06	107.771
	69	9.14853e+06	109.969
	70	9.19799e+06	112.223
	71	9.24474e+06	114.536
	72	9.28888e+06	116.909
	73	9.33055e+06	119.342
	74	9.36986e+06	121.836
	75	9.40692e+06	124.392
	76	9.44183e+06	127.012
	77	9.47472e+06	129.697
	78	9.50567e+06	132.448
	79	9.53478e+06	135.266
	80	9.56216e+06	138.152
	81	9.5879e+06	141.108
	82	9.61208e+06	144.135
	83	9.63479e+06	147.235
	84	9.6561e+06	150.408
	85	9.6761e+06	153.656
	86	9.69486e+06	156.98
	87	9.71245e+06	160.383
	88	9.72893e+06	163.865
	89	9.74437e+06	167.429
	90	9.75883e+06	171.075
	91	9.77236e+06	174.806
	92	9.78503e+06	178.623
	93	9.79687e+06	182.527
	94	9.80794e+06	186.522
	95	9.81828e+06	190.608
	96	9.82794e+06	194.787
	97	9.83696e+06	199.061
	98	9.84537e+06	203.433
	99	9.85321e+06	207.904
	100	9.86052e+06	212.476
	101	9.86732e+06	217.151
	102	9.87365e+06	221.932
	103	9.87953e+06	226.82
	104	9.885e+06	231.818
	105	9.89007e+06	236.929
	106	9.89477e+06	242.154
	107	9.89912e+06	247.496
	108	9.90315e+06	252.957
	109	9.90686e+06	258.54
	110	9.91029e+06	264.248
	111	9.91344e+06	270.083
	112	9.91634e+06	276.047
	113	9.919e+06	282.143
	114	9.92142e+06	288.375
	115	9.92363e+06	294.745
	116	9.92564e+06	301.256
	117	9.92746e+06	307.91
	118	9.92909e+06	314.712
	119	9.93056e+06	321.663
	120	9.93186e+06	328.768
	121	9.93301e+06	336.029
	122	9.93402e+06	343.45
	123	9.93489e+06	351.033
	124	9.93563e+06	358.783
	125	9.93625e+06	366.703
	126	9.93675e+06	374.796
	127	9.93714e+06	383.067
	128	9.93742e+06	391.518
	129	9.93761e+06	400.154
	130	9.93769e+06	408.978
	131	9.93769e+06	417.994
	132	9.93759e+06	427.207
	133	9.93742e+06	436.62
	134	9.93716e+06	446.238
	135	9.93682e+06	456.064
	136	9.93641e+06	466.104
	137	9.93593e+06	476.361
	138	9.93538e+06	486.841
	139	9.93476e+06	497.546
	140	9.93407e+06	508.484
	141	9.93333e+06	519.657
	142	9.93252e+06	531.071
	143	9.93165e+06	542.731
	144	9.93072e+06	554.642
	145	9.92973e+06	566.809
	146	9.92869e+06	579.237
	147	9.92759e+06	591.932
	148	9.92644e+06	604.898
	149	9.92524e+06	618.142
	150	9.92398e+06	631.669
	151	9.92267e+06	645.485
	152	9.9213e+06	659.595
	153	9.91989e+06	674.006
	154	9.91843e+06	688.723
	155	9.91691e+06	703.753
	156	9.91534e+06	719.101
	157	9.91373e+06	734.775
	158	9.91206e+06	750.78
	159	9.91034e+06	767.124
	160	9.90857e+06	783.812
	161	9.90675e+06	800.851
	162	9.90487e+06	818.249
	163	9.90295e+06	836.012
	164	9.90098e+06	854.148
	165	9.89895e+06	872.664
	166	9.89687e+06	891.566
	167	9.89473e+06	910.863
	168	9.89254e+06	930.562
	169	9.8903e+06	950.671
	170	9.888e+06	971.197
	171	9.88565e+06	992.148
	172	9.88324e+06	1013.53
	173	9.88077e+06	1035.36
	174	9.87825e+06	1057.64
	175	9.87566e+06	1080.37
	176	9.87302e+06	1103.57
	177	9.87032e+06	1127.25
	178	9.86755e+06	1151.41
	179	9.86472e+06	1176.06
	180	9.86183e+06	1201.22
	181	9.85887e+06	1226.88
	182	9.85585e+06	1253.07
	183	9.85277e+06	1279.78
	184	9.84961e+06	1307.04
	185	9.84638e+06	1334.84
	186	9.84309e+06	1363.2
	187	9.83972e+06	1392.13
	188	9.83628e+06	1421.63
	189	9.83277e+06	1451.72
	190	9.82919e+06	1482.41
	191	9.82552e+06	1513.71
	192	9.82178e+06	1545.63
	193	9.81796e+06	1578.17
	194	9.81406e+06	1611.35
	195	9.81008e+06	1645.19
	196	9.80601e+06	1679.68
	197	9.80186e+06	1714.84
	198	9.79762e+06	1750.68
	199	9.79329e+06	1787.22
	200	9.78888e+06	1824.46
	201	9.78437e+06	1862.42
	202	9.77977e+06	1901.1
	203	9.77508e+06	1940.51
	204	9.77029e+06	1980.68
	205	9.76541e+06	2021.6
	206	9.76042e+06	2063.29
	207	9.75533e+06	2105.77
	208	9.75015e+06	2149.04
	209	9.74485e+06	2193.11
	210	9.73945e+06	2238
	211	9.73394e+06	2283.71
	212	9.72832e+06	2330.27
	213	9.72259e+06	2377.67
	214	9.71675e+06	2425.94
	215	9.71079e+06	2475.08
	216	9.70471e+06	2525.1
	217	9.69851e+06	2576.02
	218	9.6922e+06	2627.85
	219	9.68575e+06	2680.59
	220	9.67919e+06	2734.27
	221	9.67249e+06	2788.88
	222	9.66567e+06	2844.45
	223	9.65871e+06	2900.98
	224	9.65162e+06	2958.48
	225	9.6444e+06	3016.97
	226	9.63703e+06	3076.45
	227	9.62953e+06	3136.94
	228	9.62188e+06	3198.44
	229	9.61409e+06	3260.96
	230	9.60616e+06	3324.53
	231	9.59807e+06	3389.13
	232	9.58983e+06	3454.79
	233	9.58145e+06	3521.51
	234	9.5729e+06	3589.31
	235	9.5642e+06	3658.19
	236	9.55534e+06	3728.15
	237	9.54632e+06	3799.22
	238	9.53713e+06	3871.39
	239	9.52778e+06	3944.67
	240	9.51826e+06	4019.07
	241	9.50856e+06	4094.6
	242	9.4987e+06	4171.26
	243	9.48866e+06	4249.06
	244	9.47844e+06	4328.01
	245	9.46805e+06	4408.1
	246	9.45747e+06	4489.35
	247	9.4467e+06	4571.76
	248	9.43576e+06	4655.33
	249	9.42462e+06	4740.06
	250	9.41329e+06	4825.97
	251	9.40178e+06	4913.04
	252	9.39006e+06	5001.29
	253	9.37815e+06	5090.71
	254	9.36604e+06	5181.3
	255	9.35373e+06	5273.06
	256	9.34122e+06	5366
	257	9.3285e+06	5460.1
	258	9.31558e+06	5555.38
	259	9.30245e+06	5651.82
	260	9.28911e+06	5749.42
	261	9.27555e+06	5848.17
	262	9.26178e+06	5948.08
	263	9.2478e+06	6049.13
	264	9.2336e+06	6151.33
	265	9.21917e+06	6254.65
	266	9.20453e+06	6359.1
	267	9.18967e+06	6464.66
	268	9.17458e+06	6571.32
	269	9.15926e+06	6679.08
	270	9.14372e+06	6787.92
	271	9.12795e+06	6897.83
	272	9.11195e+06	7008.79
	273	9.09572e+06	7120.79
	274	9.07926e+06	7233.82
	275	9.06256e+06	7347.86
	276	9.04563e+06	7462.88
	277	9.02846e+06	7578.89
	278	9.01106e+06	7695.85
	279	8.99342e+06	7813.74
	280	8.97555e+06	7932.55
	281	8.95744e+06	8052.25
	282	8.93908e+06	8172.82
	283	8.92049e+06	8294.24
	284	8.90166e+06	8416.47
	285	8.88259e+06	8539.51
	286	8.86327e+06	8663.31
	287	8.84372e+06	8787.86
	288	8.82393e+06	8913.12
	289	8.8039e+06	9039.07
	290	8.78362e+06	9165.67
	291	8.76311e+06	9292.9
	292	8.74236e+06	9420.73
	293	8.72137e+06	9549.11
	294	8.70014e+06	9678.02
	295	8.67867e+06	9807.43
	296	8.65696e+06	9937.29
	297	8.63502e+06	10067.6
	298	8.61285e+06	10198.3
	299	8.59043e+06	10329.3
	300	8.56779e+06	10460.6
	301	8.54492e+06	10592.3
	302	8.52181e+06	10724.1
	303	8.49848e+06	10856.2
	304	8.47491e+06	10988.4
	305	8.45113e+06	11120.7
	306	8.42712e+06	11253.1
	307	8.40289e+06	11385.6
	308	8.37843e+06	11518
	309	8.35377e+06	11650.4
	310	8.32888e+06	11782.7
	311	8.30379e+06	11914.9
	312	8.27848e+06	12046.9
	313	8.25296e+06	12178.7
	314	8.22725e+06	12310.2
	315	8.20132e+06	12441.5
	316	8.1752e+06	12572.3
	317	8.14889e+06	12702.8
	318	8.12237e+06	12832.9
	319	8.09567e+06	12962.5
	320	8.06879e+06	13091.6
	321	8.04171e+06	13220.1
	322	8.01446e+06	13348.1
	323	7.98703e+06	13475.4
	324	7.95943e+06	13602
	325	7.93166e+06	13727.9
	326	7.90372e+06	13853
	327	7.87562e+06	13977.3
	328	7.84737e+06	14100.8
	329	7.81896e+06	14223.4
	330	7.7904e+06	14345
	331	7.76169e+06	14465.7
	332	7.73284e+06	14585.4
	333	7.70385e+06	14704.1
	334	7.67473e+06	14821.7
	335	7.64548e+06	14938.2
	336	7.61611e+06	15053.6
	337	7.58661e+06	15167.8
	338	7.557e+06	15280.8
	339	7.52728e+06	15392.5
	340	7.49745e+06	15503
	341	7.46752e+06	15612.1
	342	7.43748e+06	15720
	343	7.40736e+06	15826.5
	344	7.37715e+06	15931.6
	345	7.34685e+06	16035.2
	346	7.31647e+06	16137.5
	347	7.28602e+06	16238.3
	348	7.25549e+06	16337.6
	349	7.2249e+06	16435.4
	350	7.19425e+06	16531.7
	351	7.16354e+06	16626.4
	352	7.13278e+06	16719.5
	353	7.10197e+06	16811.1
	354	7.07112e+06	16901.1
	355	7.04023e+06	16989.4
	356	7.00931e+06	17076.1
	357	6.97835e+06	17161.2
	358	6.94737e+06	17244.6
	359	6.91637e+06	17326.4
	360	6.88535e+06	17406.4
	361	6.85433e+06	17484.8
	362	6.82329e+06	17561.5
	363	6.79225e+06	17636.5
	364	6.76121e+06	17709.8
	365	6.73018e+06	17781.3
	366	6.75179e+06	12537.6
	367	6.77199e+06	12628.9
	368	6.79083e+06	12720.6
	369	6.80831e+06	12812.8
	370	6.82446e+06	12905.5
	371	6.8393e+06	12998.5
	372	6.85287e+06	13091.8
	373	6.86518e+06	13185.4
	374	6.87626e+06	13279.3
	375	6.88614e+06	13373.3
	376	6.89484e+06	13467.6
	377	6.9024e+06	13561.9
	378	6.90884e+06	13656.3
	379	6.91418e+06	13750.8
	380	6.91845e+06	13845.2
	381	6.92168e+06	13939.7
	382	6.9239e+06	14034
	383	6.92514e+06	14128.2
	384	6.92541e+06	14222.2
	385	6.92475e+06	14316
	386	6.92318e+06	14409.6
	387	6.92073e+06	14502.8
	388	6.91742e+06	14595.8
	389	6.91327e+06	14688.4
	390	6.90832e+06	14780.5
	391	6.90259e+06	14872.3
	392	6.8961e+06	14963.5
	393	6.88887e+06	15054.3
	394	6.88092e+06	15144.5
	395	6.87229e+06	15234.1
	396	6.86299e+06	15323.1
	397	6.85304e+06	15411.4
	398	6.84246e+06	15499.1
	399	6.83128e+06	15586
	400	6.81951e+06	15672.2
	401	6.80718e+06	15757.6
	402	6.7943e+06	15842.2
	403	6.78089e+06	15925.9
	404	6.76698e+06	16008.8
	405	6.75257e+06	16090.8
	406	6.73769e+06	16171.9
	407	6.72236e+06	16252.1
	408	6.70658e+06	16331.2
	409	6.69039e+06	16409.4
	410	6.67378e+06	16486.6
	411	6.65679e+06	16562.7
	412	6.63941e+06	16637.8
	413	6.62168e+06	16711.8
	414	6.6036e+06	16784.6
	415	6.58519e+06	16856.4
	416	6.56646e+06	16927.1
	417	6.54742e+06	16996.5
	418	6.52809e+06	17064.9
	419	6.50848e+06	17132
	420	6.4886e+06	17197.9
	421	6.46846e+06	17262.7
	422	6.44808e+06	17326.2
	423	6.42747e+06	17388.5
	424	6.40663e+06	17449.5
	425	6.38559e+06	17509.3
	426	6.36434e+06	17567.8
	427	6.3429e+06	17625.1
	428	6.32128e+06	17681.1
	429	6.2995e+06	17735.8
	430	6.27755e+06	17789.2
	431	6.25544e+06	17841.3
	432	6.2332e+06	17892.1
	433	6.21082e+06	17941.6
	434	6.18831e+06	17989.9
	435	6.16568e+06	18036.8
	436	6.14295e+06	18082.4
	437	6.12011e+06	18126.7
	438	6.09718e+06	18169.7
	439	6.07416e+06	18211.4
	440	6.05106e+06	18251.8
	441	6.02789e+06	18290.9
	442	6.00465e+06	18328.7
	443	5.98135e+06	18365.2
	444	5.958e+06	18400.5
	445	5.9346e+06	18434.4
	446	5.91116e+06	18467.1
	447	5.88769e+06	18498.5
	448	5.86418e+06	18528.6
	449	5.84066e+06	18557.5
	450	5.81711e+06	18585.1
	451	5.79355e+06	18611.5
	452	5.76998e+06	18636.7
	453	5.74641e+06	18660.6
	454	5.72284e+06	18683.3
	455	5.69927e+06	18704.8
	456	5.67572e+06	18725.1
	457	5.65218e+06	18744.3
	458	5.62866e+06	18762.2
	459	5.60516e+06	18779
	460	5.5817e+06	18794.6
	461	5.55826e+06	18809.1
	462	5.53486e+06	18822.5
	463	5.51149e+06	18834.7
	464	5.48817e+06	18845.9
	465	5.4649e+06	18855.9
	466	5.44167e+06	18864.9
	467	5.4185e+06	18872.8
	468	5.39538e+06	18879.7
	469	5.37232e+06	18885.5
	470	5.34932e+06	18890.3
	471	5.32639e+06	18894
	472	5.30352e+06	18896.8
	473	5.28073e+06	18898.6
	474	5.258e+06	18899.4
	475	5.23535e+06	18899.3
	476	5.21278e+06	18898.2
	477	5.19028e+06	18896.2
	478	5.16787e+06	18893.3
	479	5.14554e+06	18889.5
	480	5.1233e+06	18884.8
	481	5.10114e+06	18879.2
	482	5.07908e+06	18872.8
	483	5.0571e+06	18865.5
	484	5.03522e+06	18857.4
	485	5.01344e+06	18848.5
	486	4.99175e+06	18838.9
	487	4.97016e+06	18828.4
	488	4.94867e+06	18817.1
	489	4.92728e+06	18805.1
	490	4.906e+06	18792.4
	491	4.88482e+06	18778.9
	492	4.86375e+06	18764.7
	493	4.84278e+06	18749.9
	494	4.82192e+06	18734.3
	495	4.80117e+06	18718.1
	496	4.78053e+06	18701.2
	497	4.76e+06	18683.7
	498	4.73959e+06	18665.6
	499	4.71929e+06	18646.8
	500	4.6991e+06	18627.5
	501	4.67903e+06	18607.5
	502	4.65908e+06	18587
	503	4.63924e+06	18565.9
	504	4.61952e+06	18544.3
	505	4.59992e+06	18522.2
	506	4.58044e+06	18499.5
	507	4.56108e+06	18476.3
	508	4.54185e+06	18452.6
	509	4.52273e+06	18428.5
	510	4.50374e+06	18403.8
	511	4.48487e+06	18378.8
	512	4.46612e+06	18353.2
	513	4.4475e+06	18327.3
	514	4.42901e+06	18300.9
	515	4.41064e+06	18274.1
	516	4.39239e+06	18246.9
	517	4.37428e+06	18219.3
	518	4.35628e+06	18191.3
	519	4.33842e+06	18163
	520	4.32069e+06	18134.3
	521	4.30308e+06	18105.3
	522	4.2856e+06	18076
	523	4.26825e+06	18046.3
	524	4.25103e+06	18016.3
	525	4.23394e+06	17986
	526	4.21698e+06	17955.4
	527	4.20015e+06	17924.6
	528	4.18346e+06	17893.5
	529	4.16689e+06	17862.1
	530	4.15046e+06	17830.4
	531	4.13415e+06	17798.5
	532	4.11798e+06	17766.4
	533	4.10195e+06	17734.1
	534	4.08604e+06	17701.5
	535	4.07027e+06	17668.8
	536	4.05464e+06	17635.8
	537	4.03914e+06	17602.7
	538	4.02377e+06	17569.4
	539	4.00854e+06	17535.9
	540	3.99344e+06	17502.2
	541	3.97848e+06	17468.4
	542	3.96365e+06	17434.4
	543	3.94896e+06	17400.3
	544	3.93441e+06	17366.1
	545	3.91999e+06	17331.7
	546	3.90571e+06	17297.3
	547	3.89157e+06	17262.7
	548	3.87757e+06	17228
	549	3.8637e+06	17193.2
	550	3.84998e+06	17158.4
	551	3.83639e+06	17123.4
	552	3.82295e+06	17088.4
	553	3.80964e+06	17053.4
	554	3.79648e+06	17018.2
	555	3.78346e+06	16983
	556	3.77058e+06	16947.8
	557	3.75784e+06	16912.5
	558	3.74524e+06	16877.2
	559	3.73279e+06	16841.9
	560	3.72048e+06	16806.5
	561	3.70832e+06	16771.1
	562	3.69631e+06	16735.7
	563	3.68444e+06	16700.3
	564	3.67271e+06	16665
	565	3.66114e+06	16629.6
	566	3.64971e+06	16594.2
	567	3.63843e+06	16558.9
	568	3.6273e+06	16523.5
	569	3.61632e+06	16488.2
	570	3.6055e+06	16453
	571	3.59482e+06	16417.8
	572	3.5843e+06	16382.6
	573	3.57393e+06	16347.5
	574	3.56372e+06	16312.4
	575	3.55367e+06	16277.4
	576	3.54377e+06	16242.5
	577	3.53403e+06	16207.6
	578	3.52445e+06	16172.8
	579	3.51503e+06	16138.1
	580	3.50577e+06	16103.5
	581	3.49668e+06	16068.9
	582	3.48774e+06	16034.5
	583	3.47898e+06	16000.1
	584	3.47038e+06	15965.9
	585	3.46195e+06	15931.7
	586	3.45369e+06	15897.7
	587	3.4456e+06	15863.8
	588	3.43768e+06	15830
	589	3.42994e+06	15796.4
	590	3.42237e+06	15762.9
	591	3.41498e+06	15729.5
	592	3.40777e+06	15696.2
	593	3.40074e+06	15663.1
	594	3.39389e+06	15630.1
	595	3.38722e+06	15597.3
	596	3.38074e+06	15564.7
	597	3.37445e+06	15532.2
	598	3.36835e+06	15499.8
	599	3.36244e+06	15467.7
	600	3.35672e+06	15435.7
	601	3.3512e+06	15403.9
	602	3.34588e+06	15372.2
	603	3.34076e+06	15340.8
	604	3.33584e+06	15309.5
	605	3.33113e+06	15278.5
	606	3.32662e+06	15247.6
	607	3.32232e+06	15217
	608	3.31823e+06	15186.5
	609	3.31436e+06	15156.3
	610	3.31071e+06	15126.2
	611	3.30727e+06	15096.4
	612	3.30405e+06	15066.8
	613	3.30106e+06	15037.5
	614	3.2983e+06	15008.3
	615	3.29577e+06	14979.4
	616	3.29347e+06	14950.8
	617	3.2914e+06	14922.4
	618	3.28958e+06	14894.2
	619	3.28799e+06	14866.3
	620	3.28665e+06	14838.7
	621	3.28556e+06	14811.3
	622	3.28472e+06	14784.2
	623	3.28413e+06	14757.4
	624	3.2838e+06	14730.8
	625	3.28372e+06	14704.5
	626	3.28391e+06	14678.5
	627	3.28437e+06	14652.8
	628	3.28509e+06	14627.4
	629	3.28609e+06	14602.3
	630	3.28736e+06	14577.5
	631	3.28891e+06	14553
	632	3.29075e+06	14528.8
	633	3.29287e+06	14504.9
	634	3.29527e+06	14481.3
	635	3.29797e+06	14458.1
	636	3.30097e+06	14435.2
	637	3.30426e+06	14412.7
	638	3.30786e+06	14390.5
	639	3.31176e+06	14368.6
	640	3.31596e+06	14347.1
	641	3.32048e+06	14326
	642	3.32531e+06	14305.2
	643	3.33046e+06	14284.8
	644	3.33594e+06	14264.8
	645	3.34173e+06	14245.2
	646	3.34785e+06	14225.9
	647	3.3543e+06	14207
	648	3.36108e+06	14188.5
	649	3.3682e+06	14170.5
	650	3.37565e+06	14152.8
	651	3.38345e+06	14135.6
	652	3.39158e+06	14118.7
	653	3.40006e+06	14102.3
	654	3.40889e+06	14086.3
	655	3.41806e+06	14070.8
	656	3.42759e+06	14055.7
	657	3.43747e+06	14041
	658	3.4477e+06	14026.8
	659	3.45829e+06	14013.1
	660	3.46923e+06	13999.8
	661	3.48053e+06	13987
	662	3.49219e+06	13974.7
	663	3.50421e+06	13962.8
	664	3.51659e+06	13951.5
	665	3.52932e+06	13940.6
	666	3.54242e+06	13930.3
	667	3.55588e+06	13920.4
	668	3.56969e+06	13911
	669	3.58387e+06	13902.2
	670	3.5984e+06	13893.9
	671	3.61328e+06	13886.1
	672	3.62852e+06	13878.9
	673	3.64411e+06	13872.1
	674	3.66005e+06	13866
	675	3.67634e+06	13860.3
	676	3.69297e+06	13855.3
	677	3.70994e+06	13850.8
	678	3.72725e+06	13846.8
	679	3.7449e+06	13843.4
	680	3.76287e+06	13840.6
	681	3.78117e+06	13838.4
	682	3.79978e+06	13836.8
	683	3.81871e+06	13835.7
	684	3.83795e+06	13835.3
	685	3.85749e+06	13835.4
	686	3.87733e+06	13836.2
	687	3.89745e+06	13837.5
	688	3.91786e+06	13839.5
	689	3.93854e+06	13842
	690	3.95948e+06	13845.2
	691	3.98069e+06	13849
	692	4.00214e+06	13853.4
	693	4.02383e+06	13858.5
	694	4.04576e+06	13864.2
	695	4.0679e+06	13870.5
	696	4.09025e+06	13877.4
	697	4.11281e+06	13885
	698	4.13555e+06	13893.2
	699	4.15847e+06	13902
	700	4.18156e+06	13911.5
	701	4.2048e+06	13921.6
	702	4.22819e+06	13932.4
	703	4.2517e+06	13943.8
	704	4.27534e+06	13955.8
	705	4.29908e+06	13968.5
	706	4.32291e+06	13981.8
	707	4.34682e+06	13995.7
	708	4.3708e+06	14010.3
	709	4.39483e+06	14025.5
	710	4.4189e+06	14041.4
	711	4.44299e+06	14057.8
	712	4.4671e+06	14075
	713	4.4912e+06	14092.7
	714	4.51529e+06	14111
	715	4.53934e+06	14130
	716	4.56335e+06	14149.6
	717	4.5873e+06	14169.8
	718	4.61118e+06	14190.5
	719	4.63497e+06	14211.9
	720	4.65866e+06	14233.9
	721	4.68223e+06	14256.5
	722	4.70568e+06	14279.6
	723	4.72898e+06	14303.3
	724	4.75213e+06	14327.6
	725	4.77511e+06	14352.4
	726	4.7979e+06	14377.8
	727	4.8205e+06	14403.8
	728	4.84289e+06	14430.2
	729	4.86506e+06	14457.2
	730	4.887e+06	14484.7
	731	4.95207e+06	10186.6
	732	5.01671e+06	10235.3
	733	5.08084e+06	10285.4
	734	5.14439e+06	10336.9
	735	5.2073e+06	10389.7
	736	5.26951e+06	10443.9
	737	5.33094e+06	10499.5
	738	5.39153e+06	10556.5
	739	5.45124e+06	10614.8
	740	5.51e+06	10674.4
	741	5.56777e+06	10735.4
	742	5.62448e+06	10797.7
	743	5.68009e+06	10861.3
	744	5.73457e+06	10926.1
	745	5.78786e+06	10992.2
	746	5.83993e+06	11059.6
	747	5.89075e+06	11128.1
	748	5.94027e+06	11197.9
	749	5.98849e+06	11268.8
	750	6.03536e+06	11340.9
	751	6.08086e+06	11414.1
	752	6.12498e+06	11488.4
	753	6.16771e+06	11563.7
	754	6.20902e+06	11640.1
	755	6.2489e+06	11717.5
	756	6.28736e+06	11795.9
	757	6.32438e+06	11875.2
	758	6.35996e+06	11955.4
	759	6.3941e+06	12036.5
	760	6.4268e+06	12118.4
	761	6.45807e+06	12201.1
	762	6.48792e+06	12284.6
	763	6.51635e+06	12368.9
	764	6.54337e+06	12453.8
	765	6.569e+06	12539.4
	766	6.59325e+06	12625.6
	767	6.61613e+06	12712.4
	768	6.63767e+06	12799.7
	769	6.65787e+06	12887.5
	770	6.67676e+06	12975.8
	771	6.69435e+06	13064.5
	772	6.71068e+06	13153.6
	773	6.72575e+06	13243
	774	6.7396e+06	13332.8
	775	6.75223e+06	13422.7
	776	6.76369e+06	13512.9
	777	6.77399e+06	13603.3
	778	6.78315e+06	13693.8
	779	6.7912e+06	13784.5
	780	6.79817e+06	13875.1
	781	6.80407e+06	13965.8
	782	6.80894e+06	14056.5
	783	6.8128e+06	14147.1
	784	6.81567e+06	14237.5
	785	6.81758e+06	14327.9
	786	6.81855e+06	14418.1
	787	6.81861e+06	14508
	788	6.81778e+06	14597.7
	789	6.81609e+06	14687
	790	6.81355e+06	14776.1
	791	6.8102e+06	14864.8
	792	6.80605e+06	14953
	793	6.80113e+06	15040.9
	794	6.79546e+06	15128.2
	795	6.78907e+06	15215
	796	6.78197e+06	15301.3
	797	6.77419e+06	15387
	798	6.76575e+06	15472.1
	799	6.75666e+06	15556.5
	800	6.74696e+06	15640.3
	801	6.73665e+06	15723.4
	802	6.72577e+06	15805.7
	803	6.71432e+06	15887.2
	804	6.70232e+06	15968
	805	6.6898e+06	16047.9
	806	6.67678e+06	16127
	807	6.66326e+06	16205.2
	808	6.64927e+06	16282.6
	809	6.63483e+06	16359
	810	6.61995e+06	16434.4
	811	6.60464e+06	16508.9
	812	6.58893e+06	16582.4
	813	6.57282e+06	16654.9
	814	6.55633e+06	16726.3
	815	6.53949e+06	16796.7
	816	6.52229e+06	16866
	817	6.50476e+06	16934.3
	818	6.4869e+06	17001.4
	819	6.46874e+06	17067.5
	820	6.45028e+06	17132.4
	821	6.43154e+06	17196.1
	822	6.41252e+06	17258.7
	823	6.39325e+06	17320.1
	824	6.37373e+06	17380.4
	825	6.35397e+06	17439.4
	826	6.33399e+06	17497.3
	827	6.31379e+06	17553.9
	828	6.29339e+06	17609.3
	829	6.27279e+06	17663.5
	830	6.25201e+06	17716.5
	831	6.23106e+06	17768.2
	832	6.20993e+06	17818.7
	833	6.18866e+06	17867.9
	834	6.16723e+06	17915.9
	835	6.14567e+06	17962.6
	836	6.12397e+06	18008.1
	837	6.10216e+06	18052.3
	838	6.08023e+06	18095.2
	839	6.05819e+06	18136.9
	840	6.03605e+06	18177.4
	841	6.01382e+06	18216.6
	842	5.99151e+06	18254.5
	843	5.96912e+06	18291.2
	844	5.94666e+06	18326.7
	845	5.92413e+06	18360.9
	846	5.90155e+06	18393.8
	847	5.87892e+06	18425.6
	848	5.85624e+06	18456.1
	849	5.83352e+06	18485.3
	850	5.81076e+06	18513.4
	851	5.78798e+06	18540.3
	852	5.76518e+06	18565.9
	853	5.74236e+06	18590.4
	854	5.71952e+06	18613.7
	855	5.69668e+06	18635.8
	856	5.67383e+06	18656.7
	857	5.65099e+06	18676.5
	858	5.62815e+06	18695.1
	859	5.60532e+06	18712.6
	860	5.58251e+06	18729
	861	5.55972e+06	18744.2
	862	5.53695e+06	18758.3
	863	5.51421e+06	18771.4
	864	5.4915e+06	18783.3
	865	5.46882e+06	18794.2
	866	5.44618e+06	18804.1
	867	5.42358e+06	18812.8
	868	5.40103e+06	18820.6
	869	5.37853e+06	18827.3
	870	5.35607e+06	18833
	871	5.33368e+06	18837.7
	872	5.31134e+06	18841.5
	873	5.28905e+06	18844.2
	874	5.26684e+06	18846
	875	5.24469e+06	18846.9
	876	5.2226e+06	18846.8
	877	5.20059e+06	18845.8
	878	5.17865e+06	18844
	879	5.15678e+06	18841.2
	880	5.135e+06	18837.5
	881	5.11329e+06	18833
	882	5.09167e+06	18827.7
	883	5.07013e+06	18821.5
	884	5.04867e+06	18814.5
	885	5.02731e+06	18806.6
	886	5.00603e+06	18798
	887	4.98485e+06	18788.6
	888	4.96375e+06	18778.5
	889	4.94276e+06	18767.6
	890	4.92186e+06	18756
	891	4.90106e+06	18743.6
	892	4.88036e+06	18730.5
	893	4.85976e+06	18716.8
	894	4.83926e+06	18702.4
	895	4.81887e+06	18687.2
	896	4.79858e+06	18671.5
	897	4.7784e+06	18655.1
	898	4.75832e+06	18638.1
	899	4.73836e+06	18620.4
	900	4.7185e+06	18602.2
	901	4.69875e+06	18583.4
	902	4.67912e+06	18564
	903	4.6596e+06	18544
	904	4.6402e+06	18523.5
	905	4.62091e+06	18502.5
	906	4.60173e+06	18480.9
	907	4.58267e+06	18458.8
	908	4.56373e+06	18436.3
	909	4.54491e+06	18413.2
	910	4.5262e+06	18389.7
	911	4.50762e+06	18365.7
	912	4.48916e+06	18341.2
	913	4.47081e+06	18316.4
	914	4.45259e+06	18291.1
	915	4.4345e+06	18265.3
	916	4.41652e+06	18239.2
	917	4.39867e+06	18212.7
	918	4.38094e+06	18185.8
	919	4.36334e+06	18158.6
	920	4.34587e+06	18130.9
	921	4.32851e+06	18103
	922	4.31129e+06	18074.7
	923	4.29419e+06	18046
	924	4.27722e+06	18017.1
	925	4.26038e+06	17987.9
	926	4.24367e+06	17958.3
	927	4.22709e+06	17928.5
	928	4.21063e+06	17898.4
	929	4.19431e+06	17868
	930	4.17811e+06	17837.4
	931	4.16205e+06	17806.5
	932	4.14612e+06	17775.4
	933	4.13032e+06	17744
	934	4.11465e+06	17712.5
	935	4.09911e+06	17680.7
	936	4.08371e+06	17648.7
	937	4.06844e+06	17616.5
	938	4.0533e+06	17584.2
	939	4.0383e+06	17551.6
	940	4.02343e+06	17518.9
	941	4.0087e+06	17486.1
	942	3.9941e+06	17453.1
	943	3.97964e+06	17419.9
	944	3.96531e+06	17386.6
	945	3.95112e+06	17353.2
	946	3.93707e+06	17319.6
	947	3.92316e+06	17286
	948	3.90938e+06	17252.2
	949	3.89575e+06	17218.3
	950	3.88225e+06	17184.4
	951	3.86889e+06	17150.4
	952	3.85568e+06	17116.2
	953	3.8426e+06	17082
	954	3.82967e+06	17047.8
	955	3.81687e+06	17013.5
	956	3.80422e+06	16979.1
	957	3.79172e+06	16944.7
	958	3.77935e+06	16910.3
	959	3.76714e+06	16875.8
	960	3.75506e+06	16841.3
	961	3.74313e+06	16806.8
	962	3.73135e+06	16772.2
	963	3.71972e+06	16737.7
	964	3.70823e+06	16703.2
	965	3.6969e+06	16668.6
	966	3.68571e+06	16634.1
	967	3.67467e+06	16599.6
	968	3.66379e+06	16565.1
	969	3.65305e+06	16530.6
	970	3.64247e+06	16496.2
	971	3.63205e+06	16461.8
	972	3.62177e+06	16427.4
	973	3.61166e+06	16393.1
	974	3.6017e+06	16358.9
	975	3.5919e+06	16324.7
	976	3.58226e+06	16290.5
	977	3.57277e+06	16256.5
	978	3.56345e+06	16222.5
	979	3.5543e+06	16188.6
	980	3.5453e+06	16154.7
	981	3.53647e+06	16121
	982	3.52781e+06	16087.3
	983	3.51931e+06	16053.8
	984	3.51099e+06	16020.3
	985	3.50283e+06	15987
	986	3.49484e+06	15953.8
	987	3.48703e+06	15920.6
	988	3.4794e+06	15887.6
	989	3.47194e+06	15854.8
	990	3.46465e+06	15822
	991	3.45755e+06	15789.4
	992	3.45063e+06	15756.9
	993	3.44389e+06	15724.6
	994	3.43733e+06	15692.4
	995	3.43096e+06	15660.4
	996	3.42478e+06	15628.5
	997	3.41879e+06	15596.8
	998	3.413e+06	15565.2
	999	3.40739e+06	15533.9
	1000	3.40198e+06	15502.7
	1001	3.39677e+06	15471.6
	1002	3.39176e+06	15440.8
	1003	3.38696e+06	15410.1
	1004	3.38235e+06	15379.6
	1005	3.37796e+06	15349.3
	1006	3.37377e+06	15319.3
	1007	3.36979e+06	15289.4
	1008	3.36603e+06	15259.7
	1009	3.36248e+06	15230.3
	1010	3.35916e+06	15201
	1011	3.35605e+06	15172
	1012	3.35316e+06	15143.2
	1013	3.35051e+06	15114.6
	1014	3.34808e+06	15086.3
	1015	3.34588e+06	15058.2
	1016	3.34391e+06	15030.3
	1017	3.34219e+06	15002.7
	1018	3.3407e+06	14975.4
	1019	3.33945e+06	14948.3
	1020	3.33845e+06	14921.4
	1021	3.3377e+06	14894.8
	1022	3.33719e+06	14868.5
	1023	3.33694e+06	14842.5
	1024	3.33695e+06	14816.7
	1025	3.33721e+06	14791.2
	1026	3.33774e+06	14766.1
	1027	3.33853e+06	14741.2
	1028	3.33959e+06	14716.6
	1029	3.34093e+06	14692.3
	1030	3.34253e+06	14668.3
	1031	3.34441e+06	14644.6
	1032	3.34658e+06	14621.2
	1033	3.34902e+06	14598.2
	1034	3.35175e+06	14575.5
	1035	3.35477e+06	14553.1
	1036	3.35808e+06	14531
	1037	3.36169e+06	14509.3
	1038	3.36559e+06	14488
	1039	3.36979e+06	14466.9
	1040	3.3743e+06	14446.3
	1041	3.37911e+06	14426
	1042	3.38423e+06	14406.1
	1043	3.38967e+06	14386.5
	1044	3.39541e+06	14367.3
	1045	3.40147e+06	14348.5
	1046	3.40786e+06	14330.1
	1047	3.41456e+06	14312.1
	1048	3.42158e+06	14294.4
	1049	3.42893e+06	14277.2
	1050	3.43661e+06	14260.4
	1051	3.44462e+06	14244
	1052	3.45296e+06	14228
	1053	3.46163e+06	14212.5
	1054	3.47064e+06	14197.3
	1055	3.47999e+06	14182.7
	1056	3.48967e+06	14168.4
	1057	3.49969e+06	14154.6
	1058	3.51005e+06	14141.2
	1059	3.52075e+06	14128.4
	1060	3.53179e+06	14115.9
	1061	3.54318e+06	14104
	1062	3.5549e+06	14092.5
	1063	3.56697e+06	14081.5
	1064	3.57938e+06	14070.9
	1065	3.59213e+06	14060.9
	1066	3.60522e+06	14051.3
	1067	3.61865e+06	14042.3
	1068	3.63242e+06	14033.8
	1069	3.64652e+06	14025.7
	1070	3.66096e+06	14018.2
	1071	3.67574e+06	14011.2
	1072	3.69084e+06	14004.8
	1073	3.70628e+06	13998.8
	1074	3.72204e+06	13993.4
	1075	3.73812e+06	13988.6
	1076	3.75452e+06	13984.3
	1077	3.77124e+06	13980.5
	1078	3.78827e+06	13977.3
	1079	3.80561e+06	13974.7
	1080	3.82325e+06	13972.6
	1081	3.84118e+06	13971.1
	1082	3.85941e+06	13970.1
	1083	3.87792e+06	13969.8
	1084	3.89672e+06	13970
	1085	3.91578e+06	13970.8
	1086	3.93512e+06	13972.1
	1087	3.95471e+06	13974.1
	1088	3.97456e+06	13976.7
	1089	3.99465e+06	13979.8
	1090	4.01497e+06	13983.6
	1091	4.03553e+06	13987.9
	1092	4.0563e+06	13992.9
	1093	4.07729e+06	13998.5
	1094	4.09847e+06	14004.6
	1095	4.11985e+06	14011.4
	1096	4.14141e+06	14018.8
	1097	4.20531e+06	9844.65
	1098	4.26957e+06	9877.45
	1099	4.33412e+06	9911.58
	1100	4.3989e+06	9947.03
	1101	4.46384e+06	9983.82
	1102	4.52887e+06	10022
	1103	4.59391e+06	10061.5
	1104	4.65891e+06	10102.3
	1105	4.72379e+06	10144.6
	1106	4.78848e+06	10188.2
	1107	4.85291e+06	10233.2
	1108	4.917e+06	10279.5
	1109	4.9807e+06	10327.3
	1110	5.04393e+06	10376.4
	1111	5.10663e+06	10426.8
	1112	5.16872e+06	10478.7
	1113	5.23015e+06	10531.9
	1114	5.29086e+06	10586.5
	1115	5.35078e+06	10642.4
	1116	5.40985e+06	10699.6
	1117	5.46802e+06	10758.2
	1118	5.52525e+06	10818
	1119	5.58147e+06	10879.2
	1120	5.63664e+06	10941.7
	1121	5.69071e+06	11005.4
	1122	5.74365e+06	11070.4
	1123	5.79542e+06	11136.5
	1124	5.84597e+06	11203.9
	1125	5.89528e+06	11272.5
	1126	5.94332e+06	11342.3
	1127	5.99005e+06	11413.2
	1128	6.03547e+06	11485.2
	1129	6.07954e+06	11558.2
	1130	6.12225e+06	11632.4
	1131	6.16359e+06	11707.5
	1132	6.20354e+06	11783.7
	1133	6.24209e+06	11860.8
	1134	6.27924e+06	11938.9
	1135	6.31498e+06	12017.9
	1136	6.34931e+06	12097.7
	1137	6.38224e+06	12178.4
	1138	6.41376e+06	12259.9
	1139	6.44388e+06	12342.2
	1140	6.47261e+06	12425.1
	1141	6.49995e+06	12508.8
	1142	6.52592e+06	12593.2
	1143	6.55053e+06	12678.1
	1144	6.57379e+06	12763.6
	1145	6.59572e+06	12849.7
	1146	6.61634e+06	12936.3
	1147	6.63565e+06	13023.3
	1148	6.65369e+06	13110.8
	1149	6.67046e+06	13198.6
	1150	6.686e+06	13286.8
	1151	6.70031e+06	13375.3
	1152	6.71343e+06	13464.1
	1153	6.72537e+06	13553.1
	1154	6.73617e+06	13642.2
	1155	6.74583e+06	13731.5
	1156	6.75438e+06	13820.9
	1157	6.76186e+06	13910.4
	1158	6.76827e+06	13999.9
	1159	6.77366e+06	14089.4
	1160	6.77803e+06	14178.8
	1161	6.78142e+06	14268.1
	1162	6.78384e+06	14357.3
	1163	6.78533e+06	14446.3
	1164	6.7859e+06	14535.1
	1165	6.78559e+06	14623.7
	1166	6.7844e+06	14711.9
	1167	6.78238e+06	14799.9
	1168	6.77954e+06	14887.5
	1169	6.77589e+06	14974.7
	1170	6.77148e+06	15061.4
	1171	6.76631e+06	15147.7
	1172	6.76041e+06	15233.5
	1173	6.75381e+06	15318.7
	1174	6.74651e+06	15403.4
	1175	6.73855e+06	15487.5
	1176	6.72995e+06	15570.9
	1177	6.72072e+06	15653.7
	1178	6.71088e+06	15735.8
	1179	6.70046e+06	15817.2
	1180	6.68947e+06	15897.8
	1181	6.67793e+06	15977.7
	1182	6.66587e+06	16056.7
	1183	6.65329e+06	16134.9
	1184	6.64021e+06	16212.2
	1185	6.62666e+06	16288.7
	1186	6.61265e+06	16364.3
	1187	6.59819e+06	16438.9
	1188	6.5833e+06	16512.5
	1189	6.568e+06	16585.2
	1190	6.5523e+06	16656.9
	1191	6.53622e+06	16727.6
	1192	6.51977e+06	16797.3
	1193	6.50297e+06	16865.9
	1194	6.48583e+06	16933.4
	1195	6.46835e+06	16999.9
	1196	6.45057e+06	17065.2
	1197	6.43249e+06	17129.4
	1198	6.41411e+06	17192.5
	1199	6.39546e+06	17254.5
	1200	6.37655e+06	17315.3
	1201	6.35738e+06	17375
	1202	6.33797e+06	17433.4
	1203	6.31834e+06	17490.7
	1204	6.29848e+06	17546.8
	1205	6.27841e+06	17601.7
	1206	6.25815e+06	17655.3
	1207	6.23769e+06	17707.8
	1208	6.21706e+06	17759
	1209	6.19626e+06	17809
	1210	6.17529e+06	17857.8
	1211	6.15418e+06	17905.4
	1212	6.13292e+06	17951.7
	1213	6.11152e+06	17996.7
	1214	6.09e+06	18040.5
	1215	6.06837e+06	18083.1
	1216	6.04662e+06	18124.5
	1217	6.02477e+06	18164.6
	1218	6.00282e+06	18203.4
	1219	5.98078e+06	18241.1
	1220	5.95867e+06	18277.4
	1221	5.93648e+06	18312.6
	1222	5.91422e+06	18346.5
	1223	5.8919e+06	18379.2
	1224	5.86952e+06	18410.7
	1225	5.8471e+06	18441
	1226	5.82463e+06	18470
	1227	5.80213e+06	18497.9
	1228	5.7796e+06	18524.6
	1229	5.75703e+06	18550
	1230	5.73445e+06	18574.3
	1231	5.71185e+06	18597.5
	1232	5.68924e+06	18619.4
	1233	5.66663e+06	18640.2
	1234	5.64401e+06	18659.9
	1235	5.6214e+06	18678.4
	1236	5.59879e+06	18695.8
	1237	5.5762e+06	18712.1
	1238	5.55363e+06	18727.2
	1239	5.53107e+06	18741.3
	1240	5.50854e+06	18754.3
	1241	5.48604e+06	18766.2
	1242	5.46356e+06	18777.1
	1243	5.44113e+06	18786.9
	1244	5.41873e+06	18795.6
	1245	5.39638e+06	18803.4
	1246	5.37407e+06	18810.1
	1247	5.35181e+06	18815.8
	1248	5.3296e+06	18820.6
	1249	5.30745e+06	18824.3
	1250	5.28536e+06	18827.1
	1251	5.26332e+06	18829
	1252	5.24135e+06	18829.9
	1253	5.21945e+06	18829.9
	1254	5.19762e+06	18829
	1255	5.17585e+06	18827.2
	1256	5.15416e+06	18824.5
	1257	5.13255e+06	18820.9
	1258	5.11101e+06	18816.5
	1259	5.08955e+06	18811.2
	1260	5.06818e+06	18805.1
	1261	5.04689e+06	18798.3
	1262	5.02568e+06	18790.6
	1263	5.00457e+06	18782.1
	1264	4.98354e+06	18772.8
	1265	4.96261e+06	18762.8
	1266	4.94177e+06	18752.1
	1267	4.92102e+06	18740.6
	1268	4.90037e+06	18728.4
	1269	4.87982e+06	18715.5
	1270	4.85937e+06	18701.9
	1271	4.83902e+06	18687.6
	1272	4.81878e+06	18672.7
	1273	4.79863e+06	18657.1
	1274	4.77859e+06	18640.9
	1275	4.75866e+06	18624
	1276	4.73883e+06	18606.6
	1277	4.71912e+06	18588.6
	1278	4.69951e+06	18569.9
	1279	4.68002e+06	18550.7
	1280	4.66063e+06	18531
	1281	4.64136e+06	18510.7
	1282	4.6222e+06	18489.8
	1283	4.60316e+06	18468.5
	1284	4.58423e+06	18446.6
	1285	4.56542e+06	18424.3
	1286	4.54673e+06	18401.5
	1287	4.52815e+06	18378.1
	1288	4.50969e+06	18354.4
	1289	4.49136e+06	18330.2
	1290	4.47314e+06	18305.5
	1291	4.45504e+06	18280.5
	1292	4.43707e+06	18255
	1293	4.41922e+06	18229.1
	1294	4.40149e+06	18202.8
	1295	4.38388e+06	18176.2
	1296	4.3664e+06	18149.2
	1297	4.34904e+06	18121.8
	1298	4.33181e+06	18094.1
	1299	4.31471e+06	18066
	1300	4.29773e+06	18037.6
	1301	4.28088e+06	18008.9
	1302	4.26415e+06	17979.9
	1303	4.24755e+06	17950.6
	1304	4.23109e+06	17921.1
	1305	4.21475e+06	17891.2
	1306	4.19854e+06	17861.1
	1307	4.18246e+06	17830.7
	1308	4.16651e+06	17800.1
	1309	4.15069e+06	17769.2
	1310	4.135e+06	17738.1
	1311	4.11944e+06	17706.8
	1312	4.10402e+06	17675.3
	1313	4.08873e+06	17643.6
	1314	4.07357e+06	17611.7
	1315	4.05854e+06	17579.6
	1316	4.04365e+06	17547.3
	1317	4.0289e+06	17514.9
	1318	4.01428e+06	17482.3
	1319	3.99979e+06	17449.5
	1320	3.98544e+06	17416.6
	1321	3.97123e+06	17383.6
	1322	3.95715e+06	17350.5
	1323	3.94321e+06	17317.2
	1324	3.92941e+06	17283.8
	1325	3.91574e+06	17250.3
	1326	3.90222e+06	17216.7
	1327	3.88883e+06	17183
	1328	3.87559e+06	17149.2
	1329	3.86248e+06	17115.4
	1330	3.84952e+06	17081.5
	1331	3.8367e+06	17047.5
	1332	3.82402e+06	17013.4
	1333	3.81148e+06	16979.4
	1334	3.79909e+06	16945.2
	1335	3.78684e+06	16911
	1336	3.77473e+06	16876.8
	1337	3.76277e+06	16842.6
	1338	3.75096e+06	16808.4
	1339	3.7393e+06	16774.1
	1340	3.72778e+06	16739.8
	1341	3.71641e+06	16705.6
	1342	3.70519e+06	16671.3
	1343	3.69412e+06	16637
	1344	3.6832e+06	16602.8
	1345	3.67243e+06	16568.6
	1346	3.66182e+06	16534.4
	1347	3.65135e+06	16500.2
	1348	3.64105e+06	16466.1
	1349	3.6309e+06	16432
	1350	3.6209e+06	16398
	1351	3.61107e+06	16364
	1352	3.60139e+06	16330.1
	1353	3.59187e+06	16296.3
	1354	3.58251e+06	16262.5
	1355	3.57332e+06	16228.8
	1356	3.56428e+06	16195.1
	1357	3.55542e+06	16161.6
	1358	3.54671e+06	16128.1
	1359	3.53818e+06	16094.7
	1360	3.52981e+06	16061.5
	1361	3.52162e+06	16028.3
	1362	3.51359e+06	15995.2
	1363	3.50574e+06	15962.3
	1364	3.49806e+06	15929.5
	1365	3.49056e+06	15896.7
	1366	3.48323e+06	15864.2
	1367	3.47609e+06	15831.7
	1368	3.46912e+06	15799.4
	1369	3.46234e+06	15767.2
	1370	3.45574e+06	15735.1
	1371	3.44932e+06	15703.3
	1372	3.44309e+06	15671.5
	1373	3.43706e+06	15639.9
	1374	3.43121e+06	15608.5
	1375	3.42556e+06	15577.2
	1376	3.4201e+06	15546.2
	1377	3.41483e+06	15515.2
	1378	3.40977e+06	15484.5
	1379	3.40491e+06	15454
	1380	3.40025e+06	15423.6
	1381	3.3958e+06	15393.4
	1382	3.39156e+06	15363.4
	1383	3.38752e+06	15333.7
	1384	3.3837e+06	15304.1
	1385	3.38009e+06	15274.7
	1386	3.3767e+06	15245.6
	1387	3.37353e+06	15216.6
	1388	3.37058e+06	15187.9
	1389	3.36785e+06	15159.4
	1390	3.36535e+06	15131.2
	1391	3.36308e+06	15103.1
	1392	3.36105e+06	15075.4
	1393	3.35924e+06	15047.8
	1394	3.35768e+06	15020.5
	1395	3.35635e+06	14993.5
	1396	3.35527e+06	14966.7
	1397	3.35443e+06	14940.2
	1398	3.35384e+06	14913.9
	1399	3.35351e+06	14887.9
	1400	3.35342e+06	14862.2
	1401	3.35359e+06	14836.8
	1402	3.35403e+06	14811.7
	1403	3.35472e+06	14786.8
	1404	3.35568e+06	14762.2
	1405	3.35691e+06	14738
	1406	3.35841e+06	14714
	1407	3.36018e+06	14690.4
	1408	3.36223e+06	14667
	1409	3.36456e+06	14644
	1410	3.36717e+06	14621.3
	1411	3.37007e+06	14598.9
	1412	3.37325e+06	14576.9
	1413	3.37673e+06	14555.2
	1414	3.3805e+06	14533.8
	1415	3.38457e+06	14512.8
	1416	3.38893e+06	14492.2
	1417	3.3936e+06	14471.9
	1418	3.39857e+06	14451.9
	1419	3.40385e+06	14432.3
	1420	3.40944e+06	14413.1
	1421	3.41534e+06	14394.3
	1422	3.42155e+06	14375.9
	1423	3.42809e+06	14357.8
	1424	3.43494e+06	14340.2
	1425	3.44211e+06	14322.9
	1426	3.4496e+06	14306.1
	1427	3.45742e+06	14289.6
	1428	3.46557e+06	14273.6
	1429	3.47404e+06	14258
	1430	3.48285e+06	14242.8
	1431	3.49198e+06	14228
	1432	3.50145e+06	14213.7
	1433	3.51125e+06	14199.8
	1434	3.52139e+06	14186.4
	1435	3.53186e+06	14173.4
	1436	3.54266e+06	14160.9
	1437	3.55381e+06	14148.8
	1438	3.56529e+06	14137.3
	1439	3.5771e+06	14126.1
	1440	3.58926e+06	14115.5
	1441	3.60174e+06	14105.4
	1442	3.61457e+06	14095.7
	1443	3.62772e+06	14086.5
	1444	3.64121e+06	14077.9
	1445	3.65504e+06	14069.7
	1446	3.66919e+06	14062
	1447	3.68367e+06	14054.9
	1448	3.69848e+06	14048.3
	1449	3.71361e+06	14042.2
	1450	3.72906e+06	14036.6
	1451	3.74482e+06	14031.6
	1452	3.76091e+06	14027.1
	1453	3.7773e+06	14023.2
	1454	3.794e+06	14019.8
	1455	3.811e+06	14016.9
	1456	3.8283e+06	14014.6
	1457	3.84589e+06	14012.9
	1458	3.86377e+06	14011.7
	1459	3.88193e+06	14011.1
	1460	3.90037e+06	14011.1
	1461	3.91908e+06	14011.6
	1462	3.98025e+06	9834.79
	1463	4.04199e+06	9862.67
	1464	4.10424e+06	9891.82
	1465	4.16693e+06	9922.25
	1466	4.23001e+06	9953.97
	1467	4.29342e+06	9987
	1468	4.35709e+06	10021.3
	1469	4.42096e+06	10057
	1470	4.48496e+06	10094
	1471	4.54902e+06	10132.4
	1472	4.61307e+06	10172
	1473	4.67706e+06	10213.1
	1474	4.7409e+06	10255.5
	1475	4.80453e+06	10299.2
	1476	4.86788e+06	10344.4
	1477	4.93089e+06	10390.9
	1478	4.99348e+06	10438.7
	1479	5.05559e+06	10487.9
	1480	5.11716e+06	10538.5
	1481	5.17812e+06	10590.4
	1482	5.23841e+06	10643.6
	1483	5.29797e+06	10698.2
	1484	5.35674e+06	10754.1
	1485	5.41467e+06	10811.3
	1486	5.4717e+06	10869.9
	1487	5.52779e+06	10929.7
	1488	5.58288e+06	10990.8
	1489	5.63693e+06	11053.1
	1490	5.68989e+06	11116.7
	1491	5.74173e+06	11181.5
	1492	5.79241e+06	11247.6
	1493	5.84189e+06	11314.8
	1494	5.89015e+06	11383.1
	1495	5.93715e+06	11452.7
	1496	5.98287e+06	11523.3
	1497	6.02729e+06	11595
	1498	6.07039e+06	11667.7
	1499	6.11215e+06	11741.5
	1500	6.15255e+06	11816.3
	1501	6.1916e+06	11892.1
	1502	6.22927e+06	11968.8
	1503	6.26556e+06	12046.5
	1504	6.30047e+06	12125
	1505	6.334e+06	12204.3
	1506	6.36615e+06	12284.5
	1507	6.39691e+06	12365.4
	1508	6.42631e+06	12447.1
	1509	6.45434e+06	12529.5
	1510	6.48101e+06	12612.5
	1511	6.50633e+06	12696.2
	1512	6.53032e+06	12780.5
	1513	6.55298e+06	12865.3
	1514	6.57434e+06	12950.6
	1515	6.59441e+06	13036.5
	1516	6.61321e+06	13122.7
	1517	6.63075e+06	13209.4
	1518	6.64705e+06	13296.4
	1519	6.66214e+06	13383.7
	1520	6.67603e+06	13471.4
	1521	6.68875e+06	13559.2
	1522	6.70031e+06	13647.3
	1523	6.71074e+06	13735.5
	1524	6.72007e+06	13823.8
	1525	6.7283e+06	13912.3
	1526	6.73548e+06	14000.7
	1527	6.74162e+06	14089.2
	1528	6.74674e+06	14177.6
	1529	6.75087e+06	14266
	1530	6.75404e+06	14354.2
	1531	6.75625e+06	14442.3
	1532	6.75755e+06	14530.2
	1533	6.75795e+06	14617.8
	1534	6.75748e+06	14705.2
	1535	6.75615e+06	14792.3
	1536	6.754e+06	14879.1
	1537	6.75104e+06	14965.5
	1538	6.74729e+06	15051.4
	1539	6.74279e+06	15137
	1540	6.73754e+06	15222
	1541	6.73158e+06	15306.5
	1542	6.72492e+06	15390.5
	1543	6.71759e+06	15473.9
	1544	6.7096e+06	15556.7
	1545	6.70097e+06	15638.9
	1546	6.69173e+06	15720.4
	1547	6.68189e+06	15801.1
	1548	6.67148e+06	15881.2
	1549	6.6605e+06	15960.5
	1550	6.64899e+06	16039
	1551	6.63695e+06	16116.7
	1552	6.62442e+06	16193.6
	1553	6.61139e+06	16269.6
	1554	6.59789e+06	16344.7
	1555	6.58394e+06	16418.9
	1556	6.56955e+06	16492.2
	1557	6.55474e+06	16564.5
	1558	6.53952e+06	16635.8
	1559	6.52391e+06	16706.2
	1560	6.50792e+06	16775.5
	1561	6.49157e+06	16843.8
	1562	6.47487e+06	16911.1
	1563	6.45784e+06	16977.3
	1564	6.44048e+06	17042.4
	1565	6.42281e+06	17106.4
	1566	6.40485e+06	17169.3
	1567	6.3866e+06	17231.1
	1568	6.36808e+06	17291.7
	1569	6.3493e+06	17351.2
	1570	6.33028e+06	17409.5
	1571	6.31101e+06	17466.7
	1572	6.29152e+06	17522.7
	1573	6.27181e+06	17577.5
	1574	6.25189e+06	17631.1
	1575	6.23178e+06	17683.5
	1576	6.21149e+06	17734.7
	1577	6.19101e+06	17784.7
	1578	6.17037e+06	17833.5
	1579	6.14957e+06	17881.1
	1580	6.12862e+06	17927.4
	1581	6.10753e+06	17972.5
	1582	6.08631e+06	18016.4
	1583	6.06497e+06	18059
	1584	6.04351e+06	18100.5
	1585	6.02194e+06	18140.6
	1586	6.00026e+06	18179.6
	1587	5.9785e+06	18217.4
	1588	5.95665e+06	18253.9
	1589	5.93471e+06	18289.2
	1590	5.91271e+06	18323.3
	1591	5.89064e+06	18356.1
	1592	5.86851e+06	18387.8
	1593	5.84632e+06	18418.2
	1594	5.82409e+06	18447.5
	1595	5.80182e+06	18475.6
	1596	5.7795e+06	18502.4
	1597	5.75716e+06	18528.1
	1598	5.7348e+06	18552.7
	1599	5.71241e+06	18576
	1600	5.69001e+06	18598.2
	1601	5.66759e+06	18619.3
	1602	5.64518e+06	18639.2
	1603	5.62276e+06	18658
	1604	5.60035e+06	18675.6
	1605	5.57794e+06	18692.2
	1606	5.55555e+06	18707.7
	1607	5.53317e+06	18722
	1608	5.51082e+06	18735.3
	1609	5.48848e+06	18747.5
	1610	5.46618e+06	18758.7
	1611	5.44391e+06	18768.8
	1612	5.42168e+06	18777.9
	1613	5.39948e+06	18786
	1614	5.37733e+06	18793
	1615	5.35523e+06	18799.1
	1616	5.33317e+06	18804.1
	1617	5.31116e+06	18808.2
	1618	5.28921e+06	18811.4
	1619	5.26732e+06	18813.6
	1620	5.24549e+06	18814.8
	1621	5.22372e+06	18815.2
	1622	5.20202e+06	18814.6
	1623	5.18039e+06	18813.2
	1624	5.15882e+06	18810.8
	1625	5.13733e+06	18807.6
	1626	5.11592e+06	18803.6
	1627	5.09458e+06	18798.7
	1628	5.07333e+06	18792.9
	1629	5.05215e+06	18786.4
	1630	5.03106e+06	18779.1
	1631	5.01006e+06	18771
	1632	4.98914e+06	18762.1
	1633	4.96832e+06	18752.4
	1634	4.94758e+06	18742
	1635	4.92694e+06	18730.9
	1636	4.90639e+06	18719.1
	1637	4.88594e+06	18706.5
	1638	4.86559e+06	18693.3
	1639	4.84534e+06	18679.4
	1640	4.82518e+06	18664.8
	1641	4.80513e+06	18649.6
	1642	4.78519e+06	18633.8
	1643	4.76534e+06	18617.3
	1644	4.74561e+06	18600.2
	1645	4.72598e+06	18582.5
	1646	4.70645e+06	18564.2
	1647	4.68704e+06	18545.4
	1648	4.66774e+06	18526
	1649	4.64855e+06	18506
	1650	4.62947e+06	18485.6
	1651	4.61051e+06	18464.6
	1652	4.59166e+06	18443.1
	1653	4.57292e+06	18421.1
	1654	4.5543e+06	18398.6
	1655	4.5358e+06	18375.6
	1656	4.51742e+06	18352.2
	1657	4.49915e+06	18328.3
	1658	4.481e+06	18304
	1659	4.46298e+06	18279.3
	1660	4.44507e+06	18254.1
	1661	4.42729e+06	18228.6
	1662	4.40962e+06	18202.6
	1663	4.39209e+06	18176.3
	1664	4.37467e+06	18149.6
	1665	4.35738e+06	18122.6
	1666	4.34021e+06	18095.2
	1667	4.32317e+06	18067.5
	1668	4.30625e+06	18039.4
	1669	4.28946e+06	18011
	1670	4.27279e+06	17982.3
	1671	4.25626e+06	17953.4
	1672	4.23985e+06	17924.1
	1673	4.22357e+06	17894.5
	1674	4.20741e+06	17864.7
	1675	4.19139e+06	17834.7
	1676	4.1755e+06	17804.3
	1677	4.15974e+06	17773.8
	1678	4.1441e+06	17743
	1679	4.1286e+06	17712
	1680	4.11324e+06	17680.8
	1681	4.098e+06	17649.3
	1682	4.0829e+06	17617.7
	1683	4.06793e+06	17585.9
	1684	4.05309e+06	17553.9
	1685	4.03839e+06	17521.8
	1686	4.02382e+06	17489.4
	1687	4.00939e+06	17457
	1688	3.99509e+06	17424.4
	1689	3.98093e+06	17391.6
	1690	3.9669e+06	17358.7
	1691	3.95301e+06	17325.7
	1692	3.93927e+06	17292.6
	1693	3.92565e+06	17259.4
	1694	3.91218e+06	17226
	1695	3.89885e+06	17192.6
	1696	3.88565e+06	17159.1
	1697	3.8726e+06	17125.5
	1698	3.85969e+06	17091.8
	1699	3.84692e+06	17058.1
	1700	3.83429e+06	17024.3
	1701	3.8218e+06	16990.5
	1702	3.80946e+06	16956.6
	1703	3.79726e+06	16922.7
	1704	3.78521e+06	16888.7
	1705	3.7733e+06	16854.7
	1706	3.76154e+06	16820.7
	1707	3.74993e+06	16786.7
	1708	3.73846e+06	16752.7
	1709	3.72715e+06	16718.6
	1710	3.71598e+06	16684.6
	1711	3.70496e+06	16650.6
	1712	3.69409e+06	16616.6
	1713	3.68338e+06	16582.6
	1714	3.67282e+06	16548.6
	1715	3.66241e+06	16514.7
	1716	3.65216e+06	16480.8
	1717	3.64206e+06	16447
	1718	3.63212e+06	16413.2
	1719	3.62233e+06	16379.4
	1720	3.61271e+06	16345.7
	1721	3.60325e+06	16312.1
	1722	3.59394e+06	16278.5
	1723	3.5848e+06	16245
	1724	3.57583e+06	16211.6
	1725	3.56702e+06	16178.3
	1726	3.55837e+06	16145
	1727	3.54989e+06	16111.9
	1728	3.54158e+06	16078.8
	1729	3.53344e+06	16045.8
	1730	3.52547e+06	16013
	1731	3.51768e+06	15980.2
	1732	3.51006e+06	15947.6
	1733	3.50261e+06	15915.1
	1734	3.49535e+06	15882.7
	1735	3.48826e+06	15850.5
	1736	3.48135e+06	15818.4
	1737	3.47462e+06	15786.4
	1738	3.46808e+06	15754.6
	1739	3.46173e+06	15722.9
	1740	3.45556e+06	15691.3
	1741	3.44958e+06	15659.9
	1742	3.44379e+06	15628.7
	1743	3.4382e+06	15597.7
	1744	3.4328e+06	15566.8
	1745	3.4276e+06	15536.1
	1746	3.4226e+06	15505.5
	1747	3.4178e+06	15475.2
	1748	3.4132e+06	15445
	1749	3.40881e+06	15415
	1750	3.40463e+06	15385.2
	1751	3.40065e+06	15355.7
	1752	3.39689e+06	15326.3
	1753	3.39335e+06	15297.1
	1754	3.39002e+06	15268.2
	1755	3.38691e+06	15239.4
	1756	3.38402e+06	15210.9
	1757	3.38135e+06	15182.6
	1758	3.37891e+06	15154.5
	1759	3.37671e+06	15126.7
	1760	3.37473e+06	15099.1
	1761	3.37299e+06	15071.8
	1762	3.37148e+06	15044.7
	1763	3.37021e+06	15017.8
	1764	3.36919e+06	14991.2
	1765	3.36841e+06	14964.9
	1766	3.36788e+06	14938.9
	1767	3.3676e+06	14913.1
	1768	3.36757e+06	14887.5
	1769	3.3678e+06	14862.3
	1770	3.36829e+06	14837.4
	1771	3.36904e+06	14812.7
	1772	3.37005e+06	14788.3
	1773	3.37133e+06	14764.2
	1774	3.37288e+06	14740.5
	1775	3.37471e+06	14717
	1776	3.3768e+06	14693.9
	1777	3.37918e+06	14671
	1778	3.38184e+06	14648.5
	1779	3.38478e+06	14626.3
	1780	3.38801e+06	14604.5
	1781	3.39153e+06	14583
	1782	3.39534e+06	14561.8
	1783	3.39944e+06	14541
	1784	3.40385e+06	14520.5
	1785	3.40855e+06	14500.4
	1786	3.41355e+06	14480.6
	1787	3.41886e+06	14461.2
	1788	3.42448e+06	14442.2
	1789	3.43041e+06	14423.6
	1790	3.43664e+06	14405.3
	1791	3.4432e+06	14387.5
	1792	3.45006e+06	14370
	1793	3.45725e+06	14352.9
	1794	3.46476e+06	14336.2
	1795	3.47258e+06	14320
	1796	3.48074e+06	14304.1
	1797	3.48921e+06	14288.7
	1798	3.49801e+06	14273.7
	1799	3.50714e+06	14259.1
	1800	3.5166e+06	14245
	1801	3.52639e+06	14231.2
	1802	3.53651e+06	14218
	1803	3.54696e+06	14205.2
	1804	3.55774e+06	14192.8
	1805	3.56885e+06	14180.9
	1806	3.5803e+06	14169.5
	1807	3.59208e+06	14158.6
	1808	3.60418e+06	14148.1
	1809	3.61662e+06	14138.1
	1810	3.62939e+06	14128.6
	1811	3.64249e+06	14119.6
	1812	3.65592e+06	14111.1
	1813	3.66967e+06	14103.1
	1814	3.68375e+06	14095.5
	1815	3.69815e+06	14088.6
	1816	3.71287e+06	14082.1
	1817	3.7279e+06	14076.1
	1818	3.74326e+06	14070.7
	1819	3.75892e+06	14065.8
	1820	3.77489e+06	14061.4
	1821	3.79117e+06	14057.6
	1822	3.80774e+06	14054.3
	1823	3.82462e+06	14051.6
	1824	3.84178e+06	14049.4
	1825	3.85923e+06	14047.8
	1826	3.87696e+06	14046.8
	1827	3.93729e+06	9858.36
	1828	3.99821e+06	9885.22
	1829	4.05968e+06	9913.33
	1830	4.12163e+06	9942.7
	1831	4.18401e+06	9973.36
	1832	4.24676e+06	10005.3
	1833	4.30982e+06	10038.6
	1834	4.37311e+06	10073.1
	1835	4.43659e+06	10109
	1836	4.50018e+06	10146.2
	1837	4.56381e+06	10184.8
	1838	4.62742e+06	10224.7
	1839	4.69094e+06	10265.9
	1840	4.75431e+06	10308.5
	1841	4.81744e+06	10352.4
	1842	4.88029e+06	10397.7
	1843	4.94278e+06	10444.4
	1844	5.00484e+06	10492.4
	1845	5.06641e+06	10541.8
	1846	5.12742e+06	10592.5
	1847	5.18782e+06	10644.5
	1848	5.24754e+06	10697.9
	1849	5.30652e+06	10752.6
	1850	5.36471e+06	10808.7
	1851	5.42206e+06	10866
	1852	5.4785e+06	10924.6
	1853	5.53399e+06	10984.5
	1854	5.58849e+06	11045.7
	1855	5.64195e+06	11108.1
	1856	5.69432e+06	11171.8
	1857	5.74557e+06	11236.7
	1858	5.79566e+06	11302.7
	1859	5.84456e+06	11369.9
	1860	5.89223e+06	11438.3
	1861	5.93866e+06	11507.8
	1862	5.98382e+06	11578.4
	1863	6.02768e+06	11650.1
	1864	6.07022e+06	11722.8
	1865	6.11144e+06	11796.5
	1866	6.15131e+06	11871.3
	1867	6.18982e+06	11946.9
	1868	6.22698e+06	12023.5
	1869	6.26277e+06	12101.1
	1870	6.29719e+06	12179.4
	1871	6.33023e+06	12258.6
	1872	6.36191e+06	12338.6
	1873	6.39222e+06	12419.4
	1874	6.42117e+06	12500.9
	1875	6.44876e+06	12583
	1876	6.47501e+06	12665.9
	1877	6.49993e+06	12749.3
	1878	6.52352e+06	12833.3
	1879	6.5458e+06	12917.9
	1880	6.56679e+06	13002.9
	1881	6.5865e+06	13088.4
	1882	6.60495e+06	13174.4
	1883	6.62216e+06	13260.7
	1884	6.63814e+06	13347.4
	1885	6.65292e+06	13434.4
	1886	6.66651e+06	13521.6
	1887	6.67894e+06	13609.1
	1888	6.69023e+06	13696.8
	1889	6.7004e+06	13784.6
	1890	6.70948e+06	13872.5
	1891	6.71748e+06	13960.5
	1892	6.72443e+06	14048.5
	1893	6.73035e+06	14136.5
	1894	6.73526e+06	14224.4
	1895	6.7392e+06	14312.3
	1896	6.74218e+06	14400
	1897	6.74422e+06	14487.6
	1898	6.74535e+06	14575
	1899	6.74559e+06	14662.1
	1900	6.74496e+06	14749
	1901	6.7435e+06	14835.5
	1902	6.74121e+06	14921.7
	1903	6.73813e+06	15007.5
	1904	6.73427e+06	15092.9
	1905	6.72965e+06	15177.8
	1906	6.72431e+06	15262.3
	1907	6.71825e+06	15346.2
	1908	6.71151e+06	15429.6
	1909	6.70409e+06	15512.4
	1910	6.69603e+06	15594.5
	1911	6.68733e+06	15676
	1912	6.67803e+06	15756.9
	1913	6.66814e+06	15837
	1914	6.65768e+06	15916.4
	1915	6.64666e+06	15995.1
	1916	6.63511e+06	16072.9
	1917	6.62304e+06	16149.9
	1918	6.61048e+06	16226.1
	1919	6.59743e+06	16301.5
	1920	6.58391e+06	16375.9
	1921	6.56995e+06	16449.4
	1922	6.55555e+06	16522
	1923	6.54073e+06	16593.6
	1924	6.52552e+06	16664.3
	1925	6.50991e+06	16734
	1926	6.49393e+06	16802.6
	1927	6.47759e+06	16870.2
	1928	6.4609e+06	16936.8
	1929	6.44389e+06	17002.3
	1930	6.42655e+06	17066.7
	1931	6.40891e+06	17130
	1932	6.39097e+06	17192.2
	1933	6.37276e+06	17253.3
	1934	6.35427e+06	17313.3
	1935	6.33553e+06	17372.1
	1936	6.31654e+06	17429.7
	1937	6.29732e+06	17486.2
	1938	6.27787e+06	17541.5
	1939	6.25821e+06	17595.7
	1940	6.23834e+06	17648.6
	1941	6.21828e+06	17700.3
	1942	6.19804e+06	17750.9
	1943	6.17762e+06	17800.2
	1944	6.15704e+06	17848.3
	1945	6.1363e+06	17895.2
	1946	6.11541e+06	17940.9
	1947	6.09438e+06	17985.4
	1948	6.07323e+06	18028.7
	1949	6.05195e+06	18070.7
	1950	6.03056e+06	18111.5
	1951	6.00905e+06	18151.1
	1952	5.98745e+06	18189.4
	1953	5.96576e+06	18226.6
	1954	5.94398e+06	18262.5
	1955	5.92213e+06	18297.2
	1956	5.9002e+06	18330.7
	1957	5.8782e+06	18363
	1958	5.85615e+06	18394.1
	1959	5.83405e+06	18424
	1960	5.8119e+06	18452.7
	1961	5.7897e+06	18480.2
	1962	5.76747e+06	18506.5
	1963	5.74522e+06	18531.7
	1964	5.72293e+06	18555.7
	1965	5.70063e+06	18578.5
	1966	5.67832e+06	18600.2
	1967	5.65599e+06	18620.8
	1968	5.63366e+06	18640.2
	1969	5.61133e+06	18658.5
	1970	5.58901e+06	18675.7
	1971	5.56669e+06	18691.8
	1972	5.54439e+06	18706.8
	1973	5.5221e+06	18720.7
	1974	5.49984e+06	18733.6
	1975	5.4776e+06	18745.3
	1976	5.45539e+06	18756.1
	1977	5.43321e+06	18765.8
	1978	5.41107e+06	18774.5
	1979	5.38897e+06	18782.1
	1980	5.36691e+06	18788.8
	1981	5.3449e+06	18794.4
	1982	5.32294e+06	18799.1
	1983	5.30103e+06	18802.9
	1984	5.27917e+06	18805.7
	1985	5.25738e+06	18807.5
	1986	5.23564e+06	18808.4
	1987	5.21397e+06	18808.4
	1988	5.19236e+06	18807.5
	1989	5.17082e+06	18805.8
	1990	5.14936e+06	18803.1
	1991	5.12797e+06	18799.6
	1992	5.10665e+06	18795.3
	1993	5.08541e+06	18790.1
	1994	5.06425e+06	18784.1
	1995	5.04317e+06	18777.3
	1996	5.02218e+06	18769.7
	1997	5.00127e+06	18761.3
	1998	4.98045e+06	18752.2
	1999	4.95972e+06	18742.3
	2000	4.93909e+06	18731.7
	2001	4.91854e+06	18720.3
	2002	4.89809e+06	18708.3
	2003	4.87774e+06	18695.5
	2004	4.85748e+06	18682.1
	2005	4.83733e+06	18668
	2006	4.81727e+06	18653.2
	2007	4.79732e+06	18637.8
	2008	4.77747e+06	18621.8
	2009	4.75772e+06	18605.2
	2010	4.73808e+06	18587.9
	2011	4.71855e+06	18570.1
	2012	4.69912e+06	18551.7
	2013	4.67981e+06	18532.7
	2014	4.6606e+06	18513.1
	2015	4.64151e+06	18493.1
	2016	4.62253e+06	18472.5
	2017	4.60366e+06	18451.3
	2018	4.5849e+06	18429.7
	2019	4.56626e+06	18407.6
	2020	4.54774e+06	18385
	2021	4.52934e+06	18362
	2022	4.51105e+06	18338.5
	2023	4.49288e+06	18314.5
	2024	4.47483e+06	18290.1
	2025	4.4569e+06	18265.3
	2026	4.43909e+06	18240.1
	2027	4.4214e+06	18214.5
	2028	4.40383e+06	18188.5
	2029	4.38639e+06	18162.1
	2030	4.36906e+06	18135.4
	2031	4.35187e+06	18108.3
	2032	4.33479e+06	18080.9
	2033	4.31785e+06	18053.1
	2034	4.30103e+06	18025
	2035	4.28433e+06	17996.6
	2036	4.26776e+06	17967.9
	2037	4.25132e+06	17938.9
	2038	4.23501e+06	17909.6
	2039	4.21882e+06	17880.1
	2040	4.20276e+06	17850.3
	2041	4.18684e+06	17820.2
	2042	4.17104e+06	17789.9
	2043	4.15537e+06	17759.3
	2044	4.13984e+06	17728.5
	2045	4.12443e+06	17697.6
	2046	4.10916e+06	17666.4
	2047	4.09402e+06	17634.9
	2048	4.07901e+06	17603.4
	2049	4.06414e+06	17571.6
	2050	4.0494e+06	17539.6
	2051	4.03479e+06	17507.5
	2052	4.02032e+06	17475.2
	2053	4.00598e+06	17442.8
	2054	3.99178e+06	17410.2
	2055	3.97772e+06	17377.5
	2056	3.96379e+06	17344.7
	2057	3.95e+06	17311.8
	2058	3.93635e+06	17278.7
	2059	3.92283e+06	17245.5
	2060	3.90946e+06	17212.3
	2061	3.89622e+06	17178.9
	2062	3.88313e+06	17145.5
	2063	3.87017e+06	17112
	2064	3.85736e+06	17078.4
	2065	3.84469e+06	17044.7
	2066	3.83216e+06	17011
	2067	3.81977e+06	16977.3
	2068	3.80753e+06	16943.5
	2069	3.79544e+06	16909.7
	2070	3.78348e+06	16875.8
	2071	3.77168e+06	16841.9
	2072	3.76002e+06	16808
	2073	3.74851e+06	16774.1
	2074	3.73714e+06	16740.2
	2075	3.72593e+06	16706.2
	2076	3.71487e+06	16672.3
	2077	3.70395e+06	16638.4
	2078	3.69319e+06	16604.5
	2079	3.68258e+06	16570.6
	2080	3.67212e+06	16536.8
	2081	3.66182e+06	16503
	2082	3.65168e+06	16469.2
	2083	3.64169e+06	16435.5
	2084	3.63186e+06	16401.8
	2085	3.62218e+06	16368.2
	2086	3.61267e+06	16334.6
	2087	3.60331e+06	16301.1
	2088	3.59412e+06	16267.7
	2089	3.58509e+06	16234.3
	2090	3.57623e+06	16201.1
	2091	3.56753e+06	16167.9
	2092	3.559e+06	16134.8
	2093	3.55064e+06	16101.7
	2094	3.54244e+06	16068.8
	2095	3.53442e+06	16036
	2096	3.52657e+06	16003.3
	2097	3.51889e+06	15970.7
	2098	3.51139e+06	15938.3
	2099	3.50407e+06	15905.9
	2100	3.49692e+06	15873.7
	2101	3.48996e+06	15841.6
	2102	3.48317e+06	15809.7
	2103	3.47657e+06	15777.9
	2104	3.47015e+06	15746.2
	2105	3.46393e+06	15714.7
	2106	3.45789e+06	15683.3
	2107	3.45204e+06	15652.1
	2108	3.44638e+06	15621.1
	2109	3.44092e+06	15590.2
	2110	3.43565e+06	15559.5
	2111	3.43058e+06	15529
	2112	3.42571e+06	15498.6
	2113	3.42105e+06	15468.4
	2114	3.41659e+06	15438.5
	2115	3.41233e+06	15408.7
	2116	3.40829e+06	15379.1
	2117	3.40446e+06	15349.7
	2118	3.40084e+06	15320.5
	2119	3.39743e+06	15291.5
	2120	3.39425e+06	15262.8
	2121	3.39128e+06	15234.3
	2122	3.38854e+06	15205.9
	2123	3.38602e+06	15177.9
	2124	3.38373e+06	15150
	2125	3.38167e+06	15122.4
	2126	3.37985e+06	15095
	2127	3.37826e+06	15067.9
	2128	3.3769e+06	15041
	2129	3.37579e+06	15014.4
	2130	3.37493e+06	14988
	2131	3.3743e+06	14961.9
	2132	3.37393e+06	14936.1
	2133	3.37381e+06	14910.5
	2134	3.37394e+06	14885.3
	2135	3.37434e+06	14860.3
	2136	3.37499e+06	14835.5
	2137	3.3759e+06	14811.1
	2138	3.37708e+06	14787
	2139	3.37852e+06	14763.2
	2140	3.38024e+06	14739.6
	2141	3.38223e+06	14716.4
	2142	3.3845e+06	14693.5
	2143	3.38705e+06	14671
	2144	3.38988e+06	14648.7
	2145	3.39299e+06	14626.8
	2146	3.39639e+06	14605.2
	2147	3.40008e+06	14583.9
	2148	3.40407e+06	14563
	2149	3.40835e+06	14542.5
	2150	3.41292e+06	14522.3
	2151	3.4178e+06	14502.4
	2152	3.42298e+06	14483
	2153	3.42847e+06	14463.9
	2154	3.43426e+06	14445.1
	2155	3.44036e+06	14426.8
	2156	3.44677e+06	14408.8
	2157	3.4535e+06	14391.2
	2158	3.46055e+06	14374
	2159	3.46791e+06	14357.3
	2160	3.47559e+06	14340.9
	2161	3.48359e+06	14324.9
	2162	3.49192e+06	14309.4
	2163	3.50056e+06	14294.2
	2164	3.50954e+06	14279.5
	2165	3.51884e+06	14265.3
	2166	3.52847e+06	14251.4
	2167	3.53842e+06	14238
	2168	3.54871e+06	14225.1
	2169	3.55933e+06	14212.6
	2170	3.57027e+06	14200.6
	2171	3.58155e+06	14189
	2172	3.59315e+06	14177.9
	2173	3.60508e+06	14167.3
	2174	3.61735e+06	14157.1
	2175	3.62994e+06	14147.5
	2176	3.64286e+06	14138.3
	2177	3.6561e+06	14129.6
	2178	3.66967e+06	14121.4
	2179	3.68356e+06	14113.8
	2180	3.69778e+06	14106.6
	2181	3.71231e+06	14099.9
	2182	3.72716e+06	14093.8
	2183	3.74232e+06	14088.2
	2184	3.75779e+06	14083.1
	2185	3.77357e+06	14078.5
	2186	3.78966e+06	14074.5
	2187	3.80604e+06	14071.1
	2188	3.82272e+06	14068.1
	2189	3.83969e+06	14065.7
	2190	3.85694e+06	14063.9
	2191	3.87448e+06	14062.6
	2192	3.93465e+06	9869.37
	2193	3.99543e+06	9896.14
	2194	4.05675e+06	9924.15
	2195	4.11856e+06	9953.42
	2196	4.1808e+06	9983.98
	2197	4.24341e+06	10015.8
	2198	4.30632e+06	10049
	2199	4.36949e+06	10083.4
	2200	4.43283e+06	10119.2
	2201	4.49629e+06	10156.3
	2202	4.5598e+06	10194.7
	2203	4.62329e+06	10234.5
	2204	4.68669e+06	10275.6
	2205	4.74994e+06	10318.1
	2206	4.81297e+06	10361.9
	2207	4.87572e+06	10407.1
	2208	4.9381e+06	10453.6
	2209	5.00007e+06	10501.5
	2210	5.06155e+06	10550.8
	2211	5.12248e+06	10601.4
	2212	5.1828e+06	10653.3
	2213	5.24245e+06	10706.5
	2214	5.30137e+06	10761.1
	2215	5.3595e+06	10817
	2216	5.41679e+06	10874.2
	2217	5.47318e+06	10932.7
	2218	5.52863e+06	10992.4
	2219	5.58309e+06	11053.5
	2220	5.63651e+06	11115.8
	2221	5.68886e+06	11179.3
	2222	5.74008e+06	11244
	2223	5.79016e+06	11309.9
	2224	5.83905e+06	11377
	2225	5.88672e+06	11445.2
	2226	5.93315e+06	11514.6
	2227	5.9783e+06	11585
	2228	6.02217e+06	11656.5
	2229	6.06473e+06	11729.1
	2230	6.10596e+06	11802.7
	2231	6.14585e+06	11877.3
	2232	6.1844e+06	11952.8
	2233	6.22158e+06	12029.2
	2234	6.2574e+06	12106.6
	2235	6.29186e+06	12184.8
	2236	6.32495e+06	12263.9
	2237	6.35666e+06	12343.7
	2238	6.38702e+06	12424.3
	2239	6.41602e+06	12505.7
	2240	6.44366e+06	12587.7
	2241	6.46996e+06	12670.4
	2242	6.49493e+06	12753.6
	2243	6.51858e+06	12837.5
	2244	6.54092e+06	12921.9
	2245	6.56197e+06	13006.8
	2246	6.58175e+06	13092.2
	2247	6.60026e+06	13178
	2248	6.61753e+06	13264.2
	2249	6.63358e+06	13350.7
	2250	6.64842e+06	13437.6
	2251	6.66208e+06	13524.7
	2252	6.67458e+06	13612
	2253	6.68594e+06	13699.6
	2254	6.69618e+06	13787.2
	2255	6.70533e+06	13875
	2256	6.7134e+06	13962.9
	2257	6.72041e+06	14050.7
	2258	6.7264e+06	14138.6
	2259	6.73139e+06	14226.4
	2260	6.73539e+06	14314.2
	2261	6.73844e+06	14401.8
	2262	6.74055e+06	14489.2
	2263	6.74175e+06	14576.5
	2264	6.74206e+06	14663.5
	2265	6.7415e+06	14750.2
	2266	6.7401e+06	14836.7
	2267	6.73788e+06	14922.7
	2268	6.73487e+06	15008.4
	2269	6.73107e+06	15093.7
	2270	6.72652e+06	15178.5
	2271	6.72124e+06	15262.9
	2272	6.71525e+06	15346.7
	2273	6.70857e+06	15430
	2274	6.70122e+06	15512.6
	2275	6.69322e+06	15594.7
	2276	6.68458e+06	15676.1
	2277	6.67534e+06	15756.9
	2278	6.66551e+06	15836.9
	2279	6.65511e+06	15916.2
	2280	6.64415e+06	15994.8
	2281	6.63266e+06	16072.5
	2282	6.62065e+06	16149.5
	2283	6.60814e+06	16225.6
	2284	6.59514e+06	16300.8
	2285	6.58168e+06	16375.2
	2286	6.56777e+06	16448.6
	2287	6.55342e+06	16521.2
	2288	6.53866e+06	16592.7
	2289	6.52349e+06	16663.3
	2290	6.50794e+06	16732.9
	2291	6.49201e+06	16801.5
	2292	6.47572e+06	16869
	2293	6.45908e+06	16935.5
	2294	6.44211e+06	17001
	2295	6.42482e+06	17065.3
	2296	6.40723e+06	17128.6
	2297	6.38934e+06	17190.8
	2298	6.37117e+06	17251.8
	2299	6.35272e+06	17311.7
	2300	6.33402e+06	17370.5
	2301	6.31508e+06	17428.1
	2302	6.2959e+06	17484.5
	2303	6.27649e+06	17539.8
	2304	6.25687e+06	17593.9
	2305	6.23704e+06	17646.8
	2306	6.21702e+06	17698.5
	2307	6.19682e+06	17749
	2308	6.17644e+06	17798.3
	2309	6.15589e+06	17846.4
	2310	6.13519e+06	17893.3
	2311	6.11434e+06	17938.9
	2312	6.09335e+06	17983.4
	2313	6.07223e+06	18026.6
	2314	6.05098e+06	18068.6
	2315	6.02962e+06	18109.4
	2316	6.00816e+06	18148.9
	2317	5.98659e+06	18187.3
	2318	5.96493e+06	18224.4
	2319	5.94318e+06	18260.3
	2320	5.92136e+06	18295
	2321	5.89946e+06	18328.5
	2322	5.8775e+06	18360.8
	2323	5.85547e+06	18391.9
	2324	5.8334e+06	18421.8
	2325	5.81127e+06	18450.5
	2326	5.78911e+06	18478
	2327	5.76691e+06	18504.3
	2328	5.74468e+06	18529.5
	2329	5.72242e+06	18553.5
	2330	5.70015e+06	18576.3
	2331	5.67786e+06	18598
	2332	5.65556e+06	18618.6
	2333	5.63326e+06	18638
	2334	5.61095e+06	18656.3
	2335	5.58865e+06	18673.5
	2336	5.56636e+06	18689.6
	2337	5.54408e+06	18704.6
	2338	5.52182e+06	18718.6
	2339	5.49958e+06	18731.4
	2340	5.47736e+06	18743.2
	2341	5.45518e+06	18754
	2342	5.43302e+06	18763.7
	2343	5.4109e+06	18772.4
	2344	5.38882e+06	18780
	2345	5.36679e+06	18786.7
	2346	5.3448e+06	18792.4
	2347	5.32285e+06	18797.1
	2348	5.30096e+06	18800.9
	2349	5.27913e+06	18803.7
	2350	5.25735e+06	18805.6
	2351	5.23563e+06	18806.5
	2352	5.21398e+06	18806.5
	2353	5.19239e+06	18805.7
	2354	5.17088e+06	18803.9
	2355	5.14943e+06	18801.3
	2356	5.12805e+06	18797.8
	2357	5.10675e+06	18793.5
	2358	5.08553e+06	18788.3
	2359	5.06439e+06	18782.4
	2360	5.04333e+06	18775.6
	2361	5.02235e+06	18768
	2362	5.00146e+06	18759.7
	2363	4.98066e+06	18750.6
	2364	4.95995e+06	18740.7
	2365	4.93933e+06	18730.1
	2366	4.9188e+06	18718.8
	2367	4.89836e+06	18706.8
	2368	4.87802e+06	18694.1
	2369	4.85778e+06	18680.7
	2370	4.83764e+06	18666.6
	2371	4.8176e+06	18651.9
	2372	4.79766e+06	18636.5
	2373	4.77782e+06	18620.5
	2374	4.75809e+06	18603.9
	2375	4.73847e+06	18586.7
	2376	4.71895e+06	18568.8
	2377	4.69954e+06	18550.5
	2378	4.68023e+06	18531.5
	2379	4.66104e+06	18512
	2380	4.64196e+06	18492
	2381	4.62299e+06	18471.4
	2382	4.60414e+06	18450.3
	2383	4.5854e+06	18428.7
	2384	4.56677e+06	18406.6
	2385	4.54826e+06	18384.1
	2386	4.52987e+06	18361.1
	2387	4.51159e+06	18337.6
	2388	4.49343e+06	18313.7
	2389	4.47539e+06	18289.3
	2390	4.45748e+06	18264.5
	2391	4.43968e+06	18239.4
	2392	4.422e+06	18213.8
	2393	4.40445e+06	18187.8
	2394	4.38701e+06	18161.5
	2395	4.3697e+06	18134.8
	2396	4.35252e+06	18107.7
	2397	4.33546e+06	18080.3
	2398	4.31852e+06	18052.6
	2399	4.30171e+06	18024.5
	2400	4.28503e+06	17996.2
	2401	4.26847e+06	17967.5
	2402	4.25204e+06	17938.5
	2403	4.23573e+06	17909.3
	2404	4.21956e+06	17879.8
	2405	4.20351e+06	17850
	2406	4.1876e+06	17819.9
	2407	4.17181e+06	17789.7
	2408	4.15615e+06	17759.1
	2409	4.14063e+06	17728.4
	2410	4.12523e+06	17697.4
	2411	4.10997e+06	17666.3
	2412	4.09484e+06	17634.9
	2413	4.07984e+06	17603.3
	2414	4.06498e+06	17571.6
	2415	4.05025e+06	17539.7
	2416	4.03565e+06	17507.6
	2417	4.02119e+06	17475.4
	2418	4.00687e+06	17443
	2419	3.99268e+06	17410.4
	2420	3.97862e+06	17377.8
	2421	3.9647e+06	17345
	2422	3.95092e+06	17312
	2423	3.93728e+06	17279
	2424	3.92378e+06	17245.9
	2425	3.91041e+06	17212.6
	2426	3.89719e+06	17179.3
	2427	3.8841e+06	17145.9
	2428	3.87116e+06	17112.4
	2429	3.85835e+06	17078.9
	2430	3.84569e+06	17045.3
	2431	3.83318e+06	17011.6
	2432	3.8208e+06	16977.9
	2433	3.80857e+06	16944.1
	2434	3.79648e+06	16910.3
	2435	3.78454e+06	16876.5
	2436	3.77274e+06	16842.6
	2437	3.7611e+06	16808.8
	2438	3.74959e+06	16774.9
	2439	3.73824e+06	16741
	2440	3.72704e+06	16707.1
	2441	3.71598e+06	16673.2
	2442	3.70508e+06	16639.3
	2443	3.69433e+06	16605.4
	2444	3.68373e+06	16571.6
	2445	3.67328e+06	16537.8
	2446	3.66299e+06	16504
	2447	3.65286e+06	16470.3
	2448	3.64288e+06	16436.6
	2449	3.63306e+06	16402.9
	2450	3.6234e+06	16369.3
	2451	3.61389e+06	16335.8
	2452	3.60455e+06	16302.3
	2453	3.59537e+06	16268.9
	2454	3.58635e+06	16235.6
	2455	3.5775e+06	16202.4
	2456	3.56881e+06	16169.2
	2457	3.56029e+06	16136.1
	2458	3.55194e+06	16103.1
	2459	3.54376e+06	16070.3
	2460	3.53574e+06	16037.5
	2461	3.52791e+06	16004.8
	2462	3.52024e+06	15972.3
	2463	3.51275e+06	15939.8
	2464	3.50544e+06	15907.5
	2465	3.4983e+06	15875.3
	2466	3.49135e+06	15843.3
	2467	3.48458e+06	15811.3
	2468	3.47799e+06	15779.6
	2469	3.47158e+06	15747.9
	2470	3.46537e+06	15716.4
	2471	3.45934e+06	15685.1
	2472	3.4535e+06	15653.9
	2473	3.44786e+06	15622.9
	2474	3.44241e+06	15592.1
	2475	3.43715e+06	15561.4
	2476	3.4321e+06	15530.9
	2477	3.42724e+06	15500.6
	2478	3.42259e+06	15470.4
	2479	3.41814e+06	15440.5
	2480	3.4139e+06	15410.7
	2481	3.40987e+06	15381.2
	2482	3.40605e+06	15351.8
	2483	3.40244e+06	15322.7
	2484	3.39905e+06	15293.7
	2485	3.39587e+06	15265
	2486	3.39292e+06	15236.5
	2487	3.39019e+06	15208.2
	2488	3.38769e+06	15180.2
	2489	3.38541e+06	15152.3
	2490	3.38337e+06	15124.7
	2491	3.38155e+06	15097.4
	2492	3.37998e+06	15070.3
	2493	3.37864e+06	15043.5
	2494	3.37754e+06	15016.9
	2495	3.37669e+06	14990.5
	2496	3.37608e+06	14964.5
	2497	3.37572e+06	14938.7
	2498	3.37561e+06	14913.1
	2499	3.37576e+06	14887.9
	2500	3.37616e+06	14862.9
	2501	3.37682e+06	14838.2
	2502	3.37775e+06	14813.8
	2503	3.37894e+06	14789.7
	2504	3.3804e+06	14765.9
	2505	3.38213e+06	14742.5
	2506	3.38413e+06	14719.3
	2507	3.38641e+06	14696.4
	2508	3.38897e+06	14673.9
	2509	3.39182e+06	14651.7
	2510	3.39494e+06	14629.8
	2511	3.39835e+06	14608.2
	2512	3.40206e+06	14587
	2513	3.40605e+06	14566.1
	2514	3.41034e+06	14545.6
	2515	3.41493e+06	14525.4
	2516	3.41982e+06	14505.6
	2517	3.42501e+06	14486.2
	2518	3.43051e+06	14467.1
	2519	3.43631e+06	14448.4
	2520	3.44242e+06	14430.1
	2521	3.44884e+06	14412.1
	2522	3.45558e+06	14394.6
	2523	3.46263e+06	14377.4
	2524	3.47e+06	14360.7
	2525	3.47769e+06	14344.3
	2526	3.4857e+06	14328.4
	2527	3.49404e+06	14312.9
	2528	3.50269e+06	14297.8
	2529	3.51167e+06	14283.1
	2530	3.52098e+06	14268.9
	2531	3.53061e+06	14255.1
	2532	3.54058e+06	14241.7
	2533	3.55087e+06	14228.8
	2534	3.56149e+06	14216.4
	2535	3.57243e+06	14204.4
	2536	3.58371e+06	14192.8
	2537	3.59532e+06	14181.8
	2538	3.60726e+06	14171.2
	2539	3.61952e+06	14161
	2540	3.63211e+06	14151.4
	2541	3.64503e+06	14142.3
	2542	3.65827e+06	14133.6
	2543	3.67184e+06	14125.5
	2544	3.68573e+06	14117.8
	2545	3.69994e+06	14110.7
	2546	3.71447e+06	14104.1
	2547	3.72932e+06	14098
	2548	3.74447e+06	14092.4
	2549	3.75994e+06	14087.3
	2550	3.77571e+06	14082.8
	2551	3.79179e+06	14078.8
	2552	3.80816e+06	14075.4
	2553	3.82483e+06	14072.5
	2554	3.84179e+06	14070.1
	2555	3.85903e+06	14068.3
	2556	3.87655e+06	14067
	2557	3.93673e+06	9872.49
	2558	3.9975e+06	9899.29
	2559	4.05882e+06	9927.34
	2560	4.12062e+06	9956.65
	2561	4.18285e+06	9987.24
	2562	4.24545e+06	10019.1
	2563	4.30835e+06	10052.3
	2564	4.3715e+06	10086.8
	2565	4.43483e+06	10122.6
	2566	4.49827e+06	10159.7
	2567	4.56175e+06	10198.2
	2568	4.62522e+06	10238
	2569	4.68859e+06	10279.2
	2570	4.75182e+06	10321.7
	2571	4.81482e+06	10365.6
	2572	4.87753e+06	10410.8
	2573	4.93988e+06	10457.3
	2574	5.00181e+06	10505.3
	2575	5.06325e+06	10554.5
	2576	5.12414e+06	10605.1
	2577	5.18442e+06	10657.1
	2578	5.24403e+06	10710.4
	2579	5.3029e+06	10765
	2580	5.36099e+06	10820.9
	2581	5.41823e+06	10878.1
	2582	5.47457e+06	10936.7
	2583	5.52997e+06	10996.4
	2584	5.58438e+06	11057.5
	2585	5.63775e+06	11119.8
	2586	5.69005e+06	11183.3
	2587	5.74122e+06	11248.1
	2588	5.79124e+06	11314
	2589	5.84008e+06	11381.1
	2590	5.8877e+06	11449.4
	2591	5.93407e+06	11518.7
	2592	5.97918e+06	11589.2
	2593	6.02299e+06	11660.8
	2594	6.0655e+06	11733.3
	2595	6.10667e+06	11806.9
	2596	6.14651e+06	11881.5
	2597	6.18501e+06	11957.1
	2598	6.22214e+06	12033.5
	2599	6.25791e+06	12110.9
	2600	6.29231e+06	12189.1
	2601	6.32535e+06	12268.2
	2602	6.35702e+06	12348
	2603	6.38732e+06	12428.7
	2604	6.41627e+06	12510
	2605	6.44387e+06	12592
	2606	6.47012e+06	12674.7
	2607	6.49505e+06	12758
	2608	6.51865e+06	12841.8
	2609	6.54095e+06	12926.3
	2610	6.56195e+06	13011.2
	2611	6.58168e+06	13096.5
	2612	6.60016e+06	13182.3
	2613	6.61739e+06	13268.5
	2614	6.6334e+06	13355
	2615	6.6482e+06	13441.8
	2616	6.66183e+06	13528.9
	2617	6.67429e+06	13616.3
	2618	6.68561e+06	13703.8
	2619	6.69582e+06	13791.4
	2620	6.70493e+06	13879.2
	2621	6.71297e+06	13967
	2622	6.71995e+06	14054.9
	2623	6.72591e+06	14142.7
	2624	6.73087e+06	14230.5
	2625	6.73485e+06	14318.2
	2626	6.73786e+06	14405.8
	2627	6.73995e+06	14493.2
	2628	6.74112e+06	14580.4
	2629	6.74141e+06	14667.4
	2630	6.74083e+06	14754.1
	2631	6.73941e+06	14840.5
	2632	6.73716e+06	14926.6
	2633	6.73413e+06	15012.2
	2634	6.73031e+06	15097.4
	2635	6.72574e+06	15182.2
	2636	6.72044e+06	15266.5
	2637	6.71443e+06	15350.3
	2638	6.70774e+06	15433.5
	2639	6.70037e+06	15516.2
	2640	6.69235e+06	15598.2
	2641	6.6837e+06	15679.6
	2642	6.67445e+06	15760.3
	2643	6.6646e+06	15840.3
	2644	6.65418e+06	15919.5
	2645	6.64321e+06	15998
	2646	6.63171e+06	16075.7
	2647	6.61969e+06	16152.6
	2648	6.60717e+06	16228.7
	2649	6.59416e+06	16303.9
	2650	6.58069e+06	16378.2
	2651	6.56677e+06	16451.6
	2652	6.55242e+06	16524
	2653	6.53765e+06	16595.6
	2654	6.52247e+06	16666.1
	2655	6.50691e+06	16735.6
	2656	6.49097e+06	16804.2
	2657	6.47468e+06	16871.6
	2658	6.45803e+06	16938.1
	2659	6.44106e+06	17003.5
	2660	6.42377e+06	17067.8
	2661	6.40617e+06	17131
	2662	6.38827e+06	17193.1
	2663	6.3701e+06	17254.1
	2664	6.35166e+06	17313.9
	2665	6.33295e+06	17372.6
	2666	6.314e+06	17430.2
	2667	6.29482e+06	17486.6
	2668	6.27541e+06	17541.8
	2669	6.25579e+06	17595.8
	2670	6.23596e+06	17648.7
	2671	6.21594e+06	17700.3
	2672	6.19573e+06	17750.8
	2673	6.17535e+06	17800
	2674	6.15481e+06	17848
	2675	6.13411e+06	17894.9
	2676	6.11326e+06	17940.5
	2677	6.09227e+06	17984.9
	2678	6.07115e+06	18028
	2679	6.0499e+06	18070
	2680	6.02855e+06	18110.7
	2681	6.00708e+06	18150.2
	2682	5.98551e+06	18188.5
	2683	5.96386e+06	18225.6
	2684	5.94211e+06	18261.4
	2685	5.92029e+06	18296.1
	2686	5.8984e+06	18329.5
	2687	5.87644e+06	18361.7
	2688	5.85442e+06	18392.8
	2689	5.83234e+06	18422.6
	2690	5.81022e+06	18451.2
	2691	5.78806e+06	18478.7
	2692	5.76587e+06	18505
	2693	5.74364e+06	18530.1
	2694	5.72139e+06	18554.1
	2695	5.69912e+06	18576.9
	2696	5.67683e+06	18598.5
	2697	5.65454e+06	18619
	2698	5.63224e+06	18638.4
	2699	5.60994e+06	18656.7
	2700	5.58765e+06	18673.8
	2701	5.56536e+06	18689.9
	2702	5.54309e+06	18704.8
	2703	5.52083e+06	18718.7
	2704	5.49859e+06	18731.5
	2705	5.47638e+06	18743.3
	2706	5.4542e+06	18754
	2707	5.43205e+06	18763.7
	2708	5.40994e+06	18772.3
	2709	5.38786e+06	18780
	2710	5.36583e+06	18786.6
	2711	5.34385e+06	18792.3
	2712	5.32191e+06	18796.9
	2713	5.30003e+06	18800.7
	2714	5.2782e+06	18803.4
	2715	5.25643e+06	18805.3
	2716	5.23472e+06	18806.2
	2717	5.21307e+06	18806.2
	2718	5.19149e+06	18805.3
	2719	5.16998e+06	18803.5
	2720	5.14853e+06	18800.8
	2721	5.12717e+06	18797.3
	2722	5.10587e+06	18793
	2723	5.08466e+06	18787.8
	2724	5.06352e+06	18781.8
	2725	5.04247e+06	18775
	2726	5.0215e+06	18767.4
	2727	5.00062e+06	18759
	2728	4.97982e+06	18749.9
	2729	4.95911e+06	18740
	2730	4.9385e+06	18729.4
	2731	4.91798e+06	18718
	2732	4.89755e+06	18706
	2733	4.87722e+06	18693.2
	2734	4.85698e+06	18679.8
	2735	4.83685e+06	18665.7
	2736	4.81682e+06	18651
	2737	4.79688e+06	18635.6
	2738	4.77705e+06	18619.6
	2739	4.75733e+06	18602.9
	2740	4.73771e+06	18585.7
	2741	4.7182e+06	18567.9
	2742	4.69879e+06	18549.5
	2743	4.6795e+06	18530.5
	2744	4.66031e+06	18511
	2745	4.64124e+06	18490.9
	2746	4.62228e+06	18470.3
	2747	4.60343e+06	18449.2
	2748	4.5847e+06	18427.6
	2749	4.56608e+06	18405.5
	2750	4.54758e+06	18383
	2751	4.52919e+06	18359.9
	2752	4.51092e+06	18336.4
	2753	4.49277e+06	18312.5
	2754	4.47474e+06	18288.1
	2755	4.45683e+06	18263.4
	2756	4.43904e+06	18238.2
	2757	4.42137e+06	18212.6
	2758	4.40382e+06	18186.6
	2759	4.38639e+06	18160.2
	2760	4.36909e+06	18133.5
	2761	4.35191e+06	18106.5
	2762	4.33486e+06	18079.1
	2763	4.31793e+06	18051.3
	2764	4.30113e+06	18023.3
	2765	4.28445e+06	17994.9
	2766	4.2679e+06	17966.2
	2767	4.25148e+06	17937.2
	2768	4.23518e+06	17908
	2769	4.21901e+06	17878.5
	2770	4.20298e+06	17848.7
	2771	4.18707e+06	17818.6
	2772	4.17129e+06	17788.3
	2773	4.15564e+06	17757.8
	2774	4.14012e+06	17727.1
	2775	4.12473e+06	17696.1
	2776	4.10948e+06	17664.9
	2777	4.09436e+06	17633.6
	2778	4.07937e+06	17602
	2779	4.06451e+06	17570.3
	2780	4.04979e+06	17538.3
	2781	4.0352e+06	17506.3
	2782	4.02074e+06	17474
	2783	4.00642e+06	17441.6
	2784	3.99224e+06	17409.1
	2785	3.9782e+06	17376.4
	2786	3.96429e+06	17343.6
	2787	3.95051e+06	17310.7
	2788	3.93688e+06	17277.7
	2789	3.92338e+06	17244.5
	2790	3.91003e+06	17211.3
	2791	3.89681e+06	17178
	2792	3.88373e+06	17144.6
	2793	3.87079e+06	17111.1
	2794	3.858e+06	17077.6
	2795	3.84535e+06	17043.9
	2796	3.83284e+06	17010.3
	2797	3.82047e+06	16976.6
	2798	3.80824e+06	16942.8
	2799	3.79617e+06	16909
	2800	3.78423e+06	16875.2
	2801	3.77244e+06	16841.3
	2802	3.7608e+06	16807.5
	2803	3.74931e+06	16773.6
	2804	3.73797e+06	16739.7
	2805	3.72677e+06	16705.8
	2806	3.71572e+06	16671.9
	2807	3.70483e+06	16638
	2808	3.69409e+06	16604.2
	2809	3.6835e+06	16570.4
	2810	3.67306e+06	16536.5
	2811	3.66278e+06	16502.8
	2812	3.65265e+06	16469
	2813	3.64268e+06	16435.3
	2814	3.63287e+06	16401.7
	2815	3.62321e+06	16368.1
	2816	3.61372e+06	16334.6
	2817	3.60438e+06	16301.1
	2818	3.59521e+06	16267.7
	2819	3.5862e+06	16234.4
	2820	3.57736e+06	16201.2
	2821	3.56868e+06	16168
	2822	3.56017e+06	16135
	2823	3.55183e+06	16102
	2824	3.54365e+06	16069.1
	2825	3.53565e+06	16036.4
	2826	3.52782e+06	16003.7
	2827	3.52017e+06	15971.2
	2828	3.51269e+06	15938.7
	2829	3.50538e+06	15906.4
	2830	3.49826e+06	15874.3
	2831	3.49131e+06	15842.2
	2832	3.48455e+06	15810.3
	2833	3.47797e+06	15778.5
	2834	3.47158e+06	15746.9
	2835	3.46537e+06	15715.4
	2836	3.45935e+06	15684.1
	2837	3.45353e+06	15652.9
	2838	3.44789e+06	15621.9
	2839	3.44245e+06	15591.1
	2840	3.43721e+06	15560.4
	2841	3.43216e+06	15529.9
	2842	3.42732e+06	15499.6
	2843	3.42268e+06	15469.5
	2844	3.41824e+06	15439.6
	2845	3.41401e+06	15409.8
	2846	3.40999e+06	15380.3
	2847	3.40618e+06	15351
	2848	3.40258e+06	15321.8
	2849	3.3992e+06	15292.9
	2850	3.39604e+06	15264.2
	2851	3.3931e+06	15235.7
	2852	3.39038e+06	15207.4
	2853	3.38789e+06	15179.4
	2854	3.38563e+06	15151.6
	2855	3.38359e+06	15124
	2856	3.38179e+06	15096.7
	2857	3.38023e+06	15069.6
	2858	3.3789e+06	15042.8
	2859	3.37782e+06	15016.2
	2860	3.37698e+06	14989.9
	2861	3.37638e+06	14963.8
	2862	3.37603e+06	14938
	2863	3.37594e+06	14912.5
	2864	3.3761e+06	14887.3
	2865	3.37652e+06	14862.4
	2866	3.37719e+06	14837.7
	2867	3.37813e+06	14813.3
	2868	3.37934e+06	14789.2
	2869	3.38081e+06	14765.5
	2870	3.38255e+06	14742
	2871	3.38457e+06	14718.8
	2872	3.38687e+06	14696
	2873	3.38944e+06	14673.5
	2874	3.3923e+06	14651.3
	2875	3.39544e+06	14629.4
	2876	3.39886e+06	14607.9
	2877	3.40258e+06	14586.7
	2878	3.40659e+06	14565.8
	2879	3.4109e+06	14545.3
	2880	3.4155e+06	14525.2
	2881	3.4204e+06	14505.4
	2882	3.42561e+06	14485.9
	2883	3.43112e+06	14466.9
	2884	3.43694e+06	14448.2
	2885	3.44306e+06	14429.9
	2886	3.4495e+06	14412
	2887	3.45625e+06	14394.5
	2888	3.46332e+06	14377.3
	2889	3.47071e+06	14360.6
	2890	3.47841e+06	14344.3
	2891	3.48644e+06	14328.4
	2892	3.49478e+06	14312.9
	2893	3.50345e+06	14297.8
	2894	3.51245e+06	14283.2
	2895	3.52177e+06	14269
	2896	3.53142e+06	14255.2
	2897	3.5414e+06	14241.9
	2898	3.5517e+06	14229
	2899	3.56234e+06	14216.5
	2900	3.5733e+06	14204.6
	2901	3.58459e+06	14193
	2902	3.59621e+06	14182
	2903	3.60816e+06	14171.4
	2904	3.62044e+06	14161.3
	2905	3.63305e+06	14151.7
	2906	3.64598e+06	14142.6
	2907	3.65924e+06	14134
	2908	3.67282e+06	14125.9
	2909	3.68672e+06	14118.3
	2910	3.70095e+06	14111.1
	2911	3.71549e+06	14104.5
	2912	3.73034e+06	14098.5
	2913	3.74551e+06	14092.9
	2914	3.76099e+06	14087.9
	2915	3.77678e+06	14083.4
	2916	3.79286e+06	14079.4
	2917	3.80925e+06	14076
	2918	3.82593e+06	14073.1
	2919	3.84289e+06	14070.8
	2920	3.86015e+06	14069
	2921	3.87768e+06	14067.8
	2922	3.93787e+06	9873.05
	2923	3.99865e+06	9899.88
	2924	4.05998e+06	9927.95
	2925	4.12179e+06	9957.28
	2926	4.18402e+06	9987.89
	2927	4.24663e+06	10019.8
	2928	4.30953e+06	10053
	2929	4.37268e+06	10087.5
	2930	4.43601e+06	10123.3
	2931	4.49945e+06	10160.5
	2932	4.56294e+06	10199
	2933	4.6264e+06	10238.8
	2934	4.68978e+06	10280
	2935	4.753e+06	10322.6
	2936	4.81599e+06	10366.5
	2937	4.87869e+06	10411.7
	2938	4.94104e+06	10458.3
	2939	5.00296e+06	10506.2
	2940	5.06439e+06	10555.5
	2941	5.12527e+06	10606.2
	2942	5.18554e+06	10658.1
	2943	5.24513e+06	10711.5
	2944	5.30399e+06	10766.1
	2945	5.36206e+06	10822
	2946	5.41928e+06	10879.3
	2947	5.47561e+06	10937.8
	2948	5.53099e+06	10997.6
	2949	5.58538e+06	11058.7
	2950	5.63873e+06	11121.1
	2951	5.691e+06	11184.6
	2952	5.74216e+06	11249.4
	2953	5.79216e+06	11315.3
	2954	5.84097e+06	11382.5
	2955	5.88856e+06	11450.7
	2956	5.93491e+06	11520.1
	2957	5.97999e+06	11590.6
	2958	6.02378e+06	11662.2
	2959	6.06626e+06	11734.8
	2960	6.10742e+06	11808.4
	2961	6.14723e+06	11883
	2962	6.1857e+06	11958.6
	2963	6.2228e+06	12035
	2964	6.25855e+06	12112.4
	2965	6.29292e+06	12190.7
	2966	6.32593e+06	12269.7
	2967	6.35758e+06	12349.6
	2968	6.38786e+06	12430.2
	2969	6.41678e+06	12511.6
	2970	6.44435e+06	12593.6
	2971	6.47058e+06	12676.3
	2972	6.49548e+06	12759.6
	2973	6.51906e+06	12843.5
	2974	6.54133e+06	12927.9
	2975	6.56231e+06	13012.8
	2976	6.58202e+06	13098.2
	2977	6.60047e+06	13184
	2978	6.61768e+06	13270.2
	2979	6.63366e+06	13356.7
	2980	6.64845e+06	13443.5
	2981	6.66205e+06	13530.6
	2982	6.67449e+06	13617.9
	2983	6.68579e+06	13705.5
	2984	6.69598e+06	13793.1
	2985	6.70507e+06	13880.9
	2986	6.71309e+06	13968.7
	2987	6.72005e+06	14056.6
	2988	6.726e+06	14144.4
	2989	6.73093e+06	14232.2
	2990	6.73489e+06	14319.9
	2991	6.73789e+06	14407.5
	2992	6.73996e+06	14494.9
	2993	6.74112e+06	14582.1
	2994	6.74138e+06	14669.1
	2995	6.74079e+06	14755.8
	2996	6.73935e+06	14842.2
	2997	6.7371e+06	14928.2
	2998	6.73404e+06	15013.8
	2999	6.73021e+06	15099.1
	3000	6.72563e+06	15183.8
	3001	6.72032e+06	15268.1
	3002	6.7143e+06	15351.9
	3003	6.70758e+06	15435.1
	3004	6.7002e+06	15517.7
	3005	6.69218e+06	15599.7
	3006	6.68352e+06	15681.1
	3007	6.67425e+06	15761.8
	3008	6.66439e+06	15841.8
	3009	6.65397e+06	15921
	3010	6.64299e+06	15999.5
	3011	6.63147e+06	16077.2
	3012	6.61944e+06	16154.1
	3013	6.60691e+06	16230.1
	3014	6.5939e+06	16305.3
	3015	6.58042e+06	16379.6
	3016	6.56649e+06	16453
	3017	6.55213e+06	16525.4
	3018	6.53735e+06	16596.9
	3019	6.52217e+06	16667.4
	3020	6.5066e+06	16736.9
	3021	6.49066e+06	16805.4
	3022	6.47435e+06	16872.9
	3023	6.4577e+06	16939.3
	3024	6.44072e+06	17004.7
	3025	6.42343e+06	17069
	3026	6.40582e+06	17132.2
	3027	6.38792e+06	17194.3
	3028	6.36974e+06	17255.2
	3029	6.35129e+06	17315
	3030	6.33259e+06	17373.7
	3031	6.31363e+06	17431.3
	3032	6.29444e+06	17487.6
	3033	6.27503e+06	17542.8
	3034	6.25541e+06	17596.8
	3035	6.23557e+06	17649.6
	3036	6.21555e+06	17701.3
	3037	6.19534e+06	17751.7
	3038	6.17496e+06	17800.9
	3039	6.15441e+06	17848.9
	3040	6.13371e+06	17895.7
	3041	6.11285e+06	17941.3
	3042	6.09186e+06	17985.7
	3043	6.07074e+06	18028.8
	3044	6.04949e+06	18070.7
	3045	6.02813e+06	18111.4
	3046	6.00667e+06	18150.9
	3047	5.9851e+06	18189.2
	3048	5.96344e+06	18226.2
	3049	5.94169e+06	18262.1
	3050	5.91987e+06	18296.7
	3051	5.89797e+06	18330.1
	3052	5.87601e+06	18362.3
	3053	5.85399e+06	18393.3
	3054	5.83192e+06	18423.1
	3055	5.8098e+06	18451.8
	3056	5.78764e+06	18479.2
	3057	5.76544e+06	18505.5
	3058	5.74321e+06	18530.6
	3059	5.72096e+06	18554.5
	3060	5.69869e+06	18577.3
	3061	5.67641e+06	18598.9
	3062	5.65411e+06	18619.4
	3063	5.63181e+06	18638.8
	3064	5.60951e+06	18657
	3065	5.58722e+06	18674.1
	3066	5.56493e+06	18690.2
	3067	5.54266e+06	18705.1
	3068	5.5204e+06	18719
	3069	5.49817e+06	18731.8
	3070	5.47596e+06	18743.5
	3071	5.45378e+06	18754.2
	3072	5.43163e+06	18763.8
	3073	5.40952e+06	18772.5
	3074	5.38744e+06	18780.1
	3075	5.36541e+06	18786.7
	3076	5.34343e+06	18792.4
	3077	5.32149e+06	18797
	3078	5.29961e+06	18800.7
	3079	5.27778e+06	18803.5
	3080	5.25601e+06	18805.3
	3081	5.2343e+06	18806.2
	3082	5.21266e+06	18806.1
	3083	5.19108e+06	18805.2
	3084	5.16957e+06	18803.4
	3085	5.14813e+06	18800.8
	3086	5.12676e+06	18797.2
	3087	5.10547e+06	18792.9
	3088	5.08426e+06	18787.7
	3089	5.06312e+06	18781.6
	3090	5.04207e+06	18774.8
	3091	5.0211e+06	18767.2
	3092	5.00022e+06	18758.8
	3093	4.97943e+06	18749.7
	3094	4.95872e+06	18739.8
	3095	4.93811e+06	18729.1
	3096	4.91759e+06	18717.8
	3097	4.89716e+06	18705.7
	3098	4.87683e+06	18693
	3099	4.8566e+06	18679.5
	3100	4.83647e+06	18665.4
	3101	4.81644e+06	18650.7
	3102	4.79651e+06	18635.3
	3103	4.77668e+06	18619.2
	3104	4.75696e+06	18602.6
	3105	4.73734e+06	18585.3
	3106	4.71783e+06	18567.5
	3107	4.69843e+06	18549.1
	3108	4.67914e+06	18530.1
	3109	4.65995e+06	18510.6
	3110	4.64088e+06	18490.5
	3111	4.62192e+06	18469.9
	3112	4.60308e+06	18448.8
	3113	4.58435e+06	18427.2
	3114	4.56573e+06	18405.1
	3115	4.54723e+06	18382.5
	3116	4.52884e+06	18359.5
	3117	4.51058e+06	18336
	3118	4.49243e+06	18312
	3119	4.4744e+06	18287.7
	3120	4.45649e+06	18262.9
	3121	4.4387e+06	18237.7
	3122	4.42103e+06	18212.1
	3123	4.40349e+06	18186.1
	3124	4.38607e+06	18159.7
	3125	4.36877e+06	18133
	3126	4.35159e+06	18105.9
	3127	4.33454e+06	18078.5
	3128	4.31761e+06	18050.8
	3129	4.30081e+06	18022.7
	3130	4.28414e+06	17994.3
	3131	4.26759e+06	17965.7
	3132	4.25117e+06	17936.7
	3133	4.23488e+06	17907.4
	3134	4.21871e+06	17877.9
	3135	4.20267e+06	17848.1
	3136	4.18677e+06	17818.1
	3137	4.17099e+06	17787.8
	3138	4.15535e+06	17757.2
	3139	4.13983e+06	17726.5
	3140	4.12445e+06	17695.5
	3141	4.10919e+06	17664.3
	3142	4.09407e+06	17633
	3143	4.07909e+06	17601.4
	3144	4.06423e+06	17569.7
	3145	4.04951e+06	17537.7
	3146	4.03493e+06	17505.6
	3147	4.02047e+06	17473.4
	3148	4.00616e+06	17441
	3149	3.99198e+06	17408.5
	3150	3.97793e+06	17375.8
	3151	3.96403e+06	17343
	3152	3.95026e+06	17310.1
	3153	3.93663e+06	17277
	3154	3.92313e+06	17243.9
	3155	3.90978e+06	17210.7
	3156	3.89656e+06	17177.4
	3157	3.88349e+06	17144
	3158	3.87055e+06	17110.5
	3159	3.85776e+06	17076.9
	3160	3.84511e+06	17043.3
	3161	3.8326e+06	17009.6
	3162	3.82024e+06	16975.9
	3163	3.80802e+06	16942.2
	3164	3.79594e+06	16908.4
	3165	3.78401e+06	16874.5
	3166	3.77223e+06	16840.7
	3167	3.76059e+06	16806.8
	3168	3.7491e+06	16772.9
	3169	3.73776e+06	16739
	3170	3.72656e+06	16705.2
	3171	3.71552e+06	16671.3
	3172	3.70463e+06	16637.4
	3173	3.69389e+06	16603.5
	3174	3.6833e+06	16569.7
	3175	3.67287e+06	16535.9
	3176	3.66259e+06	16502.1
	3177	3.65247e+06	16468.4
	3178	3.6425e+06	16434.7
	3179	3.63269e+06	16401.1
	3180	3.62304e+06	16367.5
	3181	3.61355e+06	16334
	3182	3.60422e+06	16300.5
	3183	3.59505e+06	16267.1
	3184	3.58604e+06	16233.8
	3185	3.5772e+06	16200.6
	3186	3.56853e+06	16167.4
	3187	3.56002e+06	16134.3
	3188	3.55168e+06	16101.4
	3189	3.54351e+06	16068.5
	3190	3.53551e+06	16035.7
	3191	3.52768e+06	16003.1
	3192	3.52003e+06	15970.6
	3193	3.51255e+06	15938.1
	3194	3.50525e+06	15905.8
	3195	3.49813e+06	15873.6
	3196	3.49119e+06	15841.6
	3197	3.48443e+06	15809.7
	3198	3.47786e+06	15777.9
	3199	3.47147e+06	15746.3
	3200	3.46526e+06	15714.8
	3201	3.45925e+06	15683.5
	3202	3.45343e+06	15652.4
	3203	3.4478e+06	15621.4
	3204	3.44236e+06	15590.5
	3205	3.43712e+06	15559.9
	3206	3.43208e+06	15529.4
	3207	3.42724e+06	15499.1
	3208	3.4226e+06	15469
	3209	3.41817e+06	15439
	3210	3.41394e+06	15409.3
	3211	3.40992e+06	15379.7
	3212	3.40612e+06	15350.4
	3213	3.40253e+06	15321.3
	3214	3.39915e+06	15292.4
	3215	3.39599e+06	15263.7
	3216	3.39306e+06	15235.2
	3217	3.39034e+06	15206.9
	3218	3.38786e+06	15178.9
	3219	3.3856e+06	15151.1
	3220	3.38357e+06	15123.5
	3221	3.38177e+06	15096.2
	3222	3.38021e+06	15069.1
	3223	3.37889e+06	15042.3
	3224	3.37781e+06	15015.7
	3225	3.37697e+06	14989.4
	3226	3.37638e+06	14963.4
	3227	3.37604e+06	14937.6
	3228	3.37595e+06	14912.1
	3229	3.37612e+06	14886.8
	3230	3.37654e+06	14861.9
	3231	3.37722e+06	14837.2
	3232	3.37816e+06	14812.9
	3233	3.37937e+06	14788.8
	3234	3.38085e+06	14765
	3235	3.3826e+06	14741.6
	3236	3.38462e+06	14718.4
	3237	3.38692e+06	14695.6
	3238	3.3895e+06	14673
	3239	3.39236e+06	14650.9
	3240	3.39551e+06	14629
	3241	3.39894e+06	14607.5
	3242	3.40267e+06	14586.3
	3243	3.40668e+06	14565.4
	3244	3.41099e+06	14544.9
	3245	3.4156e+06	14524.8
	3246	3.42051e+06	14505
	3247	3.42572e+06	14485.6
	3248	3.43124e+06	14466.5
	3249	3.43706e+06	14447.9
	3250	3.44319e+06	14429.6
	3251	3.44964e+06	14411.7
	3252	3.4564e+06	14394.2
	3253	3.46347e+06	14377
	3254	3.47086e+06	14360.3
	3255	3.47857e+06	14344
	3256	3.4866e+06	14328.1
	3257	3.49496e+06	14312.6
	3258	3.50363e+06	14297.6
	3259	3.51264e+06	14282.9
	3260	3.52196e+06	14268.7
	3261	3.53162e+06	14254.9
	3262	3.5416e+06	14241.6
	3263	3.55191e+06	14228.7
	3264	3.56256e+06	14216.3
	3265	3.57352e+06	14204.4
	3266	3.58482e+06	14192.9
	3267	3.59645e+06	14181.8
	3268	3.60841e+06	14171.3
	3269	3.62069e+06	14161.2
	3270	3.6333e+06	14151.6
	3271	3.64624e+06	14142.5
	3272	3.65951e+06	14133.9
	3273	3.67309e+06	14125.8
	3274	3.687e+06	14118.1
	3275	3.70123e+06	14111
	3276	3.71578e+06	14104.5
	3277	3.73064e+06	14098.4
	3278	3.74582e+06	14092.8
	3279	3.7613e+06	14087.8
	3280	3.77709e+06	14083.3
	3281	3.79318e+06	14079.4
	3282	3.80957e+06	14076
	3283	3.82626e+06	14073.1
	3284	3.84323e+06	14070.8
	3285	3.86049e+06	14069
	3286	3.87803e+06	14067.8
	3287	3.93822e+06	9873.07
	3288	3.99901e+06	9899.9
	3289	4.06034e+06	9927.97
	3290	4.12215e+06	9957.32
	3291	4.18439e+06	9987.94
	3292	4.247e+06	10019.8
	3293	4.30991e+06	10053.1
	3294	4.37306e+06	10087.6
	3295	4.43639e+06	10123.4
	3296	4.49984e+06	10160.6
	3297	4.56332e+06	10199.1
	3298	4.62679e+06	10238.9
	3299	4.69016e+06	10280.1
	3300	4.75338e+06	10322.7
	3301	4.81638e+06	10366.6
	3302	4.87908e+06	10411.8
	3303	4.94142e+06	10458.4
	3304	5.00334e+06	10506.4
	3305	5.06477e+06	10555.7
	3306	5.12565e+06	10606.3
	3307	5.18592e+06	10658.3
	3308	5.2455e+06	10711.6
	3309	5.30436e+06	10766.3
	3310	5.36242e+06	10822.2
	3311	5.41964e+06	10879.5
	3312	5.47597e+06	10938
	3313	5.53135e+06	10997.9
	3314	5.58573e+06	11059
	3315	5.63907e+06	11121.3
	3316	5.69134e+06	11184.9
	3317	5.74249e+06	11249.6
	3318	5.79248e+06	11315.6
	3319	5.84129e+06	11382.7
	3320	5.88888e+06	11451
	3321	5.93522e+06	11520.4
	3322	5.98029e+06	11590.9
	3323	6.02408e+06	11662.5
	3324	6.06655e+06	11735.1
	3325	6.10769e+06	11808.7
	3326	6.1475e+06	11883.3
	3327	6.18596e+06	11958.9
	3328	6.22306e+06	12035.4
	3329	6.2588e+06	12112.8
	3330	6.29316e+06	12191
	3331	6.32617e+06	12270.1
	3332	6.3578e+06	12350
	3333	6.38808e+06	12430.6
	3334	6.41699e+06	12512
	3335	6.44455e+06	12594
	3336	6.47078e+06	12676.7
	3337	6.49567e+06	12760
	3338	6.51924e+06	12843.9
	3339	6.5415e+06	12928.3
	3340	6.56248e+06	13013.2
	3341	6.58218e+06	13098.6
	3342	6.60062e+06	13184.4
	3343	6.61782e+06	13270.6
	3344	6.6338e+06	13357.1
	3345	6.64858e+06	13443.9
	3346	6.66217e+06	13531
	3347	6.67461e+06	13618.4
	3348	6.6859e+06	13705.9
	3349	6.69608e+06	13793.5
	3350	6.70516e+06	13881.3
	3351	6.71317e+06	13969.1
	3352	6.72014e+06	14057
	3353	6.72607e+06	14144.8
	3354	6.731e+06	14232.6
	3355	6.73495e+06	14320.3
	3356	6.73795e+06	14407.9
	3357	6.74001e+06	14495.3
	3358	6.74116e+06	14582.6
	3359	6.74142e+06	14669.5
	3360	6.74082e+06	14756.2
	3361	6.73938e+06	14842.6
	3362	6.73712e+06	14928.6
	3363	6.73406e+06	15014.3
	3364	6.73023e+06	15099.5
	3365	6.72564e+06	15184.3
	3366	6.72033e+06	15268.6
	3367	6.7143e+06	15352.3
	3368	6.70758e+06	15435.5
	3369	6.7002e+06	15518.2
	3370	6.69216e+06	15600.2
	3371	6.6835e+06	15681.5
	3372	6.67423e+06	15762.2
	3373	6.66437e+06	15842.2
	3374	6.65394e+06	15921.5
	3375	6.64296e+06	15999.9
	3376	6.63144e+06	16077.6
	3377	6.6194e+06	16154.5
	3378	6.60687e+06	16230.5
	3379	6.59385e+06	16305.7
	3380	6.58037e+06	16380
	3381	6.56644e+06	16453.4
	3382	6.55208e+06	16525.8
	3383	6.5373e+06	16597.3
	3384	6.52211e+06	16667.8
	3385	6.50654e+06	16737.3
	3386	6.49059e+06	16805.8
	3387	6.47429e+06	16873.3
	3388	6.45764e+06	16939.7
	3389	6.44065e+06	17005.1
	3390	6.42335e+06	17069.3
	3391	6.40574e+06	17132.5
	3392	6.38784e+06	17194.6
	3393	6.36966e+06	17255.6
	3394	6.35121e+06	17315.4
	3395	6.3325e+06	17374.1
	3396	6.31355e+06	17431.6
	3397	6.29436e+06	17487.9
	3398	6.27494e+06	17543.1
	3399	6.25532e+06	17597.1
	3400	6.23548e+06	17649.9
	3401	6.21546e+06	17701.6
	3402	6.19525e+06	17752
	3403	6.17486e+06	17801.2
	3404	6.15431e+06	17849.2
	3405	6.13361e+06	17896
	3406	6.11275e+06	17941.6
	3407	6.09176e+06	17985.9
	3408	6.07064e+06	18029.1
	3409	6.04939e+06	18071
	3410	6.02803e+06	18111.7
	3411	6.00656e+06	18151.2
	3412	5.98499e+06	18189.4
	3413	5.96333e+06	18226.5
	3414	5.94159e+06	18262.3
	3415	5.91976e+06	18296.9
	3416	5.89787e+06	18330.3
	3417	5.8759e+06	18362.5
	3418	5.85388e+06	18393.5
	3419	5.83181e+06	18423.3
	3420	5.80969e+06	18451.9
	3421	5.78753e+06	18479.4
	3422	5.76533e+06	18505.6
	3423	5.7431e+06	18530.7
	3424	5.72085e+06	18554.6
	3425	5.69858e+06	18577.4
	3426	5.67629e+06	18599
	3427	5.654e+06	18619.5
	3428	5.6317e+06	18638.9
	3429	5.6094e+06	18657.1
	3430	5.5871e+06	18674.2
	3431	5.56482e+06	18690.3
	3432	5.54254e+06	18705.2
	3433	5.52029e+06	18719.1
	3434	5.49805e+06	18731.9
	3435	5.47584e+06	18743.6
	3436	5.45366e+06	18754.3
	3437	5.43151e+06	18763.9
	3438	5.4094e+06	18772.5
	3439	5.38733e+06	18780.2
	3440	5.3653e+06	18786.8
	3441	5.34331e+06	18792.4
	3442	5.32138e+06	18797.1
	3443	5.2995e+06	18800.8
	3444	5.27767e+06	18803.5
	3445	5.2559e+06	18805.3
	3446	5.23419e+06	18806.2
	3447	5.21254e+06	18806.2
	3448	5.19096e+06	18805.2
	3449	5.16945e+06	18803.4
	3450	5.14801e+06	18800.8
	3451	5.12665e+06	18797.2
	3452	5.10535e+06	18792.9
	3453	5.08414e+06	18787.6
	3454	5.06301e+06	18781.6
	3455	5.04196e+06	18774.8
	3456	5.02099e+06	18767.2
	3457	5.00011e+06	18758.8
	3458	4.97931e+06	18749.6
	3459	4.95861e+06	18739.7
	3460	4.938e+06	18729.1
	3461	4.91748e+06	18717.8
	3462	4.89705e+06	18705.7
	3463	4.87672e+06	18692.9
	3464	4.85649e+06	18679.5
	3465	4.83636e+06	18665.4
	3466	4.81633e+06	18650.6
	3467	4.7964e+06	18635.2
	3468	4.77657e+06	18619.2
	3469	4.75685e+06	18602.5
	3470	4.73723e+06	18585.3
	3471	4.71772e+06	18567.4
	3472	4.69832e+06	18549
	3473	4.67903e+06	18530
	3474	4.65985e+06	18510.5
	3475	4.64077e+06	18490.4
	3476	4.62182e+06	18469.8
	3477	4.60297e+06	18448.7
	3478	4.58424e+06	18427.1
	3479	4.56562e+06	18405
	3480	4.54712e+06	18382.4
	3481	4.52874e+06	18359.4
	3482	4.51047e+06	18335.9
	3483	4.49233e+06	18311.9
	3484	4.4743e+06	18287.5
	3485	4.45639e+06	18262.7
	3486	4.4386e+06	18237.5
	3487	4.42093e+06	18211.9
	3488	4.40339e+06	18186
	3489	4.38597e+06	18159.6
	3490	4.36867e+06	18132.9
	3491	4.35149e+06	18105.8
	3492	4.33444e+06	18078.4
	3493	4.31752e+06	18050.6
	3494	4.30071e+06	18022.6
	3495	4.28404e+06	17994.2
	3496	4.26749e+06	17965.5
	3497	4.25107e+06	17936.5
	3498	4.23478e+06	17907.3
	3499	4.21862e+06	17877.7
	3500	4.20258e+06	17847.9
	3501	4.18668e+06	17817.9
	3502	4.1709e+06	17787.6
	3503	4.15525e+06	17757.1
	3504	4.13974e+06	17726.3
	3505	4.12435e+06	17695.4
	3506	4.1091e+06	17664.2
	3507	4.09398e+06	17632.8
	3508	4.079e+06	17601.2
	3509	4.06414e+06	17569.5
	3510	4.04942e+06	17537.6
	3511	4.03484e+06	17505.5
	3512	4.02039e+06	17473.2
	3513	4.00607e+06	17440.8
	3514	3.99189e+06	17408.3
	3515	3.97785e+06	17375.6
	3516	3.96394e+06	17342.8
	3517	3.95017e+06	17309.9
	3518	3.93654e+06	17276.9
	3519	3.92305e+06	17243.7
	3520	3.9097e+06	17210.5
	3521	3.89648e+06	17177.2
	3522	3.88341e+06	17143.8
	3523	3.87047e+06	17110.3
	3524	3.85768e+06	17076.7
	3525	3.84503e+06	17043.1
	3526	3.83253e+06	17009.5
	3527	3.82016e+06	16975.7
	3528	3.80794e+06	16942
	3529	3.79587e+06	16908.2
	3530	3.78394e+06	16874.3
	3531	3.77215e+06	16840.5
	3532	3.76052e+06	16806.6
	3533	3.74903e+06	16772.7
	3534	3.73768e+06	16738.9
	3535	3.72649e+06	16705
	3536	3.71545e+06	16671.1
	3537	3.70456e+06	16637.2
	3538	3.69382e+06	16603.4
	3539	3.68323e+06	16569.5
	3540	3.6728e+06	16535.7
	3541	3.66252e+06	16501.9
	3542	3.6524e+06	16468.2
	3543	3.64243e+06	16434.5
	3544	3.63262e+06	16400.9
	3545	3.62297e+06	16367.3
	3546	3.61348e+06	16333.8
	3547	3.60415e+06	16300.3
	3548	3.59498e+06	16266.9
	3549	3.58598e+06	16233.6
	3550	3.57714e+06	16200.4
	3551	3.56847e+06	16167.2
	3552	3.55996e+06	16134.2
	3553	3.55162e+06	16101.2
	3554	3.54345e+06	16068.3
	3555	3.53545e+06	16035.6
	3556	3.52763e+06	16002.9
	3557	3.51997e+06	15970.4
	3558	3.5125e+06	15937.9
	3559	3.5052e+06	15905.6
	3560	3.49808e+06	15873.5
	3561	3.49114e+06	15841.4
	3562	3.48438e+06	15809.5
	3563	3.47781e+06	15777.7
	3564	3.47142e+06	15746.1
	3565	3.46521e+06	15714.6
	3566	3.4592e+06	15683.3
	3567	3.45338e+06	15652.2
	3568	3.44775e+06	15621.2
	3569	3.44231e+06	15590.3
	3570	3.43707e+06	15559.7
	3571	3.43203e+06	15529.2
	3572	3.42719e+06	15498.9
	3573	3.42256e+06	15468.8
	3574	3.41813e+06	15438.8
	3575	3.4139e+06	15409.1
	3576	3.40988e+06	15379.6
	3577	3.40608e+06	15350.2
	3578	3.40249e+06	15321.1
	3579	3.39912e+06	15292.2
	3580	3.39596e+06	15263.5
	3581	3.39302e+06	15235
	3582	3.39031e+06	15206.7
	3583	3.38782e+06	15178.7
	3584	3.38557e+06	15150.9
	3585	3.38354e+06	15123.3
	3586	3.38174e+06	15096
	3587	3.38018e+06	15068.9
	3588	3.37886e+06	15042.1
	3589	3.37778e+06	15015.5
	3590	3.37695e+06	14989.2
	3591	3.37636e+06	14963.2
	3592	3.37602e+06	14937.4
	3593	3.37593e+06	14911.9
	3594	3.3761e+06	14886.7
	3595	3.37652e+06	14861.7
	3596	3.3772e+06	14837.1
	3597	3.37815e+06	14812.7
	3598	3.37936e+06	14788.6
	3599	3.38084e+06	14764.9
	3600	3.38259e+06	14741.4
	3601	3.38461e+06	14718.3
	3602	3.38692e+06	14695.4
	3603	3.3895e+06	14672.9
	3604	3.39236e+06	14650.7
	3605	3.3955e+06	14628.8
	3606	3.39894e+06	14607.3
	3607	3.40266e+06	14586.1
	3608	3.40668e+06	14565.3
	3609	3.41099e+06	14544.8
	3610	3.4156e+06	14524.6
	3611	3.42051e+06	14504.9
	3612	3.42573e+06	14485.5
	3613	3.43124e+06	14466.4
	3614	3.43707e+06	14447.7
	3615	3.4432e+06	14429.5
	3616	3.44965e+06	14411.5
	3617	3.45641e+06	14394
	3618	3.46348e+06	14376.9
	3619	3.47088e+06	14360.2
	3620	3.47859e+06	14343.9
	3621	3.48662e+06	14328
	3622	3.49498e+06	14312.5
	3623	3.50366e+06	14297.4
	3624	3.51266e+06	14282.8
	3625	3.52199e+06	14268.6
	3626	3.53165e+06	14254.8
	3627	3.54163e+06	14241.5
	3628	3.55195e+06	14228.6
	3629	3.56259e+06	14216.2
	3630	3.57356e+06	14204.2
	3631	3.58486e+06	14192.7
	3632	3.59649e+06	14181.7
	3633	3.60845e+06	14171.2
	3634	3.62073e+06	14161.1
	3635	3.63335e+06	14151.5
	3636	3.64629e+06	14142.4
	3637	3.65955e+06	14133.8
	3638	3.67314e+06	14125.7
	3639	3.68705e+06	14118.1
	3640	3.70128e+06	14111
	3641	3.71583e+06	14104.4
	3642	3.7307e+06	14098.3
	3643	3.74587e+06	14092.8
	3644	3.76136e+06	14087.7
	3645	3.77715e+06	14083.3
	3646	3.79325e+06	14079.3
	3647	3.80964e+06	14075.9
	3648	3.82632e+06	14073
	3649	3.8433e+06	14070.7
	3650	3.86056e+06	14069
